3016 6032 1 2
4053 5404 3 4
1083 1805 3 5
4505 5406 5 6
1204 2107 4 7
2404 4207 4 7
3604 6307 4 7
4804 8407 4 7
2703 7208 3 8
4056 5408 6 8
1802 8109 2 9
3065 6130 5 10
1086 1810 6 10
1057 1510 7 10
4059 4510 9 10
3066 6132 6 12
4059 5412 9 12
1360 1632 10 12
1045 1254 10 12
4510 5412 10 12
3067 6134 7 14
1208 2114 8 14
2408 4214 8 14
3608 6314 8 14
4808 8414 8 14
1082 8115 2 15
1089 1815 9 15
2172 2715 12 15
2706 7216 6 16
3068 6136 8 16
3164 3616 14 16
1505 5117 5 17
3610 6137 10 17
1456 1547 16 17
1804 8118 4 18
3069 6138 9 18
1365 1638 15 18
1545 1854 15 18
4515 5418 15 18
1274 1729 14 19
1603 3206 10 20
1630 3260 10 20
3160 6320 10 20
1221 2220 11 20
1524 2540 12 20
1183 1820 13 20
1581 2108 15 20
2176 2720 16 20
5149 5420 19 20
1212 2121 12 21
1224 2142 12 21
2412 4221 12 21
1332 2331 12 21
1236 2163 12 21
3612 6321 12 21
1452 2541 12 21
1248 2184 12 21
4812 8421 12 21
1572 2751 12 21
1692 2961 12 21
1994 2991 14 21
1163 2326 11 22
1316 2632 11 22
1613 3226 11 22
1631 3262 11 22
3116 6232 11 22
3161 6322 11 22
1443 2442 13 22
1484 2438 14 23
1554 2553 14 23
2709 7224 9 24
1360 3264 10 24
1623 3246 12 24
1632 3264 12 24
3162 6324 12 24
1183 2184 13 24
1665 2664 15 24
1996 2994 16 24
1820 2184 20 24
2270 2724 20 24
2045 2454 20 24
4520 5424 20 24
1330 3325 10 25
1306 3265 10 25
1066 2665 10 25
1274 2275 14 25
1168 1825 16 25
1776 2775 16 25
1159 1525 19 25
1729 2275 19 25
1957 2575 19 25
5719 7525 19 25
7282 8275 22 25
1633 3266 13 26
3163 6326 13 26
1365 2366 15 26
1887 2886 17 26
1638 2366 18 26
1806 8127 6 27
1456 2457 16 27
1547 2457 17 27
1998 2997 18 27
1643 3286 14 28
1634 3268 14 28
3164 6328 14 28
1499 2998 14 28
1612 2821 16 28
1216 2128 16 28
1624 2842 16 28
2416 4228 16 28
1336 2338 16 28
1636 2863 16 28
3616 6328 16 28
1456 2548 16 28
1648 2884 16 28
4816 8428 16 28
1576 2758 16 28
1696 2968 16 28
1547 2548 17 28
2457 2548 27 28
1365 2639 15 29
1638 2639 18 29
4525 5249 25 29
2366 2639 26 29
2678 2987 26 29
7826 8729 26 29
1084 8130 4 30
1450 4350 10 30
1332 3330 12 30
1534 3540 13 30
1274 2730 14 30
1653 3306 15 30
3165 6330 15 30
1995 3990 15 30
1729 2730 19 30
1281 1830 21 30
2331 3330 21 30
2415 3450 21 30
5271 7530 21 30
2275 2730 25 30
2725 3270 25 30
2545 3054 25 30
4525 5430 25 30
3267 3630 27 30
1288 1380 28 30
5249 5430 29 30
1313 3131 13 31
1326 3162 13 31
2613 6231 13 31
1339 3193 13 31
3913 9331 13 31
1443 3441 13 31
1573 3751 13 31
2442 3441 22 31
1227 3272 12 32
2712 7232 12 32
1362 3632 12 32
1554 3552 14 32
1663 3326 16 32
3166 6332 16 32
1996 3992 16 32
2323 3232 23 32
2346 3264 23 32
4623 6432 23 32
2553 3552 23 32
2369 3296 23 32
6923 9632 23 32
2783 3872 23 32
2994 3992 24 32
2561 3152 26 32
1145 3435 11 33
1451 4353 11 33
1665 3663 15 33
2664 3663 24 33
1057 5134 7 34
1015 3451 10 34
1510 5134 10 34
1776 3774 16 34
1673 3346 17 34
3167 6334 17 34
1997 3994 17 34
1275 1734 25 34
2825 3842 25 34
2775 3774 25 34
1072 3752 10 35
1183 3185 13 35
1334 3335 14 35
1346 3365 14 35
1466 3665 14 35
1887 3885 17 35
2012 3521 20 35
1220 2135 20 35
2180 3815 20 35
1820 3185 20 35
2024 3542 20 35
2420 4235 20 35
2036 3563 20 35
3620 6335 20 35
2048 3584 20 35
4820 8435 20 35
2184 3185 24 35
2886 3885 26 35
1808 8136 8 36
1452 4356 12 36
1274 3276 14 36
1672 3762 16 36
1683 3366 18 36
3168 6336 18 36
1998 3996 18 36
1729 3276 19 36
2541 4356 21 36
2275 3276 25 36
2997 3996 27 36
3180 3816 30 36
2730 3276 30 36
3045 3654 30 36
4530 5436 30 36
1365 3367 15 37
1638 3367 18 37
2366 3367 26 37
2639 3367 29 37
1551 5358 11 38
1456 3458 16 38
1547 3458 17 38
1693 3386 19 38
3169 6338 19 38
1999 3998 19 38
1220 2318 20 38
4920 9348 20 38
2457 3458 27 38
2548 3458 28 38
2135 2318 35 38
1652 5369 12 39
1453 4359 13 39
1148 3198 14 39
1456 3549 16 39
1547 3549 17 39
2457 3549 27 39
2548 3549 28 39
3458 3549 38 39
1660 6640 10 40
1870 7480 10 40
2172 7240 12 40
1443 4440 13 40
1527 4072 15 40
2715 7240 15 40
1365 3640 15 40
1635 4360 15 40
1336 3340 16 40
1396 3490 16 40
1996 4990 16 40
1881 4180 18 40
1638 3640 18 40
2442 4440 22 40
2994 4990 24 40
2366 3640 26 40
1288 1840 28 40
2338 3340 28 40
5278 7540 28 40
2639 3640 29 40
3081 4108 30 40
1380 1840 30 40
3405 4540 30 40
3441 4440 31 40
3524 4405 32 40
4352 5440 32 40
3992 4990 32 40
3349 3940 34 40
3367 3640 37 40
2172 7421 12 41
1414 4141 14 41
1428 4182 14 41
2814 8241 14 41
1554 4551 14 41
1694 4961 14 41
2715 7421 15 41
2553 4551 23 41
3552 4551 32 41
7392 9471 32 41
7240 7421 40 41
1236 4326 12 42
1665 4662 15 42
2163 4326 21 42
2316 4632 21 42
3216 6432 21 42
2424 4242 24 42
2436 4263 24 42
3624 6342 24 42
2544 4452 24 42
2448 4284 24 42
4824 8442 24 42
2664 4662 24 42
2784 4872 24 42
3663 4662 33 42
3635 4362 35 42
3545 4254 35 42
4535 5442 35 42
1963 6493 13 43
1776 4773 16 43
2775 4773 25 43
3434 4343 34 43
3468 4386 34 43
6834 8643 34 43
3774 4773 34 43
1166 4664 11 44
1616 6464 11 44
1661 6644 11 44
1187 4748 11 44
1871 7484 11 44
1887 4884 17 44
2886 4884 26 44
3138 4184 33 44
1383 1844 33 44
3885 4884 35 44
9492 9944 42 44
1086 8145 6 45
1018 4581 10 45
1810 8145 10 45
1236 4635 12 45
1452 5445 12 45
1338 3345 18 45
1386 3465 18 45
1398 3495 18 45
1866 4665 18 45
1986 4965 18 45
1998 4995 18 45
2163 4635 21 45
2541 5445 21 45
2997 4995 27 45
3564 4455 36 45
4356 5445 36 45
3996 4995 36 45
2379 2745 39 45
4326 4635 42 45
1840 8464 10 46
1183 4186 13 46
1963 6946 13 46
1378 4876 13 46
1820 4186 20 46
2184 4186 24 46
2425 4462 25 46
3185 4186 35 46
1240 1426 40 46
2140 2461 40 46
6493 6946 43 46
1274 4277 14 47
1729 4277 19 47
2275 4277 25 47
2730 4277 30 47
3276 4277 36 47
1662 6648 12 48
1872 7488 12 48
1365 4368 15 48
1827 4872 18 48
2718 7248 18 48
1368 3648 18 48
1638 4368 18 48
2499 4998 24 48
2366 4368 26 48
2639 4368 29 48
3405 5448 30 48
1386 1848 36 48
3367 4368 37 48
3640 4368 40 48
4045 4854 40 48
4540 5448 40 48
1456 4459 16 49
1547 4459 17 49
2457 4459 27 49
2812 4921 28 49
1228 2149 28 49
2824 4942 28 49
2428 4249 28 49
2836 4963 28 49
3628 6349 28 49
2548 4459 28 49
2848 4984 28 49
4828 8449 28 49
2668 4669 28 49
2788 4879 28 49
3458 4459 38 49
3549 4459 39 49
1306 6530 10 50
1990 9950 10 50
1554 5550 14 50
1946 6950 14 50
2175 7250 15 50
1456 4550 16 50
1751 5150 17 50
3179 9350 17 50
1547 4550 17 50
2660 6650 20 50
2553 5550 23 50
2653 5306 25 50
3265 6530 25 50
2995 5990 25 50
2457 4550 27 50
2548 4550 28 50
3108 5180 30 50
3552 5550 32 50
3458 4550 38 50
3857 5075 38 50
5738 7550 38 50
3549 4550 39 50
1480 1850 40 50
2419 2950 41 50
4551 5550 41 50
4715 5750 41 50
2475 2750 45 50
1457 1550 47 50
4459 4550 49 50
1515 5151 15 51
1665 5661 15 51
1997 5991 17 51
2664 5661 24 51
3663 5661 33 51
3994 5991 34 51
4662 5661 42 51
1488 1581 48 51
1333 5332 13 52
1633 6532 13 52
1663 6652 13 52
1776 5772 16 52
2525 5252 25 52
2775 5772 25 52
2663 5326 26 52
3266 6532 26 52
2996 5992 26 52
3774 5772 34 52
1389 1852 39 52
4480 5824 40 52
4773 5772 43 52
3496 3952 46 52
1991 9593 11 53
1887 5883 17 53
2886 5883 26 53
3535 5353 35 53
3885 5883 35 53
4884 5883 44 53
1218 5481 12 54
1812 8154 12 54
1272 5724 12 54
1463 5643 14 54
1998 5994 18 54
2673 5346 27 54
3267 6534 27 54
2997 5994 27 54
3630 6534 30 54
3996 5994 36 54
4545 5454 45 54
4995 5994 45 54
1370 7535 10 55
1199 5995 11 55
1919 9595 11 55
1991 9955 11 55
2266 5665 22 55
2626 6565 22 55
2662 6655 22 55
4148 5185 44 55
1484 1855 44 55
9593 9955 53 55
1227 5726 12 56
1362 6356 12 56
1334 5336 14 56
1634 6536 14 56
1349 5396 14 56
1664 6656 14 56
1649 6596 14 56
1499 5996 14 56
2770 7756 20 56
2181 5816 21 56
2127 5672 21 56
2721 7256 21 56
2561 5516 26 56
2678 5768 26 56
2683 5366 28 56
3268 6536 28 56
2998 5996 28 56
2349 4536 29 56
2987 5768 29 56
3212 5621 32 56
1232 2156 32 56
3152 5516 32 56
3224 5642 32 56
2432 4256 32 56
3272 5726 32 56
3236 5663 32 56
3632 6356 32 56
3392 5936 32 56
3248 5684 32 56
4832 8456 32 56
3335 5336 35 56
1183 5187 13 57
1999 5997 19 57
1820 5187 20 57
2184 5187 24 57
2781 5871 27 57
3460 6574 30 57
3185 5187 35 57
3998 5997 38 57
4186 5187 46 57
1480 8584 10 58
1362 6583 12 58
1274 5278 14 58
1264 4582 16 58
1729 5278 19 58
2275 5278 25 58
2693 5386 29 58
3269 6538 29 58
2999 5998 29 58
2730 5278 30 58
3632 6583 32 58
3276 5278 36 58
4277 5278 47 58
2499 2958 49 58
5278 5887 52 58
7852 8758 52 58
3355 3538 55 58
6356 6583 56 58
1365 5369 15 59
1638 5369 18 59
2366 5369 26 59
2639 5369 29 59
3367 5369 37 59
3640 5369 40 59
4368 5369 48 59
1350 1593 50 59
1088 8160 8 60
1018 6108 10 60
1270 7620 10 60
1326 6630 12 60
1992 9960 12 60
1665 6660 15 60
1816 6810 16 60
1672 6270 16 60
1456 5460 16 60
1547 5460 17 60
2178 7260 18 60
2664 6660 24 60
2748 6870 24 60
2781 6180 27 60
2457 5460 27 60
2548 5460 28 60
3432 6240 33 60
2343 4260 33 60
3663 6660 33 60
3839 6980 33 60
3762 6270 36 60
3458 5460 38 60
3549 5460 39 60
4725 6750 42 60
4662 6660 42 60
4581 6108 45 60
1488 1860 48 60
4459 5460 49 60
5045 6054 50 60
5450 6540 50 60
4550 5460 50 60
1581 1860 51 60
5712 6720 51 60
5814 6840 51 60
5661 6660 51 60
5916 6960 51 60
1568 1680 56 60
2576 2760 56 60
5871 6180 57 60
1616 6161 16 61
1776 6771 16 61
2775 6771 25 61
3774 6771 34 61
4773 6771 43 61
5772 6771 52 61
1456 5642 16 62
1734 6324 17 62
1547 5642 17 62
1887 6882 17 62
2626 6262 26 62
2639 6293 26 62
3926 9362 26 62
2756 6572 26 62
2886 6882 26 62
2457 5642 27 62
2548 5642 28 62
3316 6632 31 62
3885 6882 35 62
3458 5642 38 62
3549 5642 39 62
1144 1612 44 62
4774 6727 44 62
4884 6882 44 62
4459 5642 49 62
4550 5642 50 62
5883 6882 53 62
5460 5642 60 62
1418 6381 14 63
1814 8163 14 63
1454 6543 14 63
1782 6237 18 63
2178 7623 18 63
1998 6993 18 63
2145 6435 21 63
2997 6993 27 63
3516 6153 36 63
3636 6363 36 63
3648 6384 36 63
4836 8463 36 63
3756 6573 36 63
3876 6783 36 63
3996 6993 36 63
4995 6993 45 63
5994 6993 54 63
7260 7623 60 63
1963 9664 13 64
1378 6784 13 64
1666 6664 16 64
1687 6748 16 64
2270 7264 20 64
2045 6544 20 64
2427 6472 24 64
2724 7264 24 64
2454 6544 24 64
4780 7648 40 64
6493 9664 43 64
4416 6144 46 64
4646 6464 46 64
4669 6496 46 64
6946 9664 46 64
4876 6784 46 64
2255 2624 55 64
5885 6848 55 64
1399 6995 13 65
1939 9695 13 65
1993 9965 13 65
1581 6851 15 65
1420 4615 20 65
2108 6851 20 65
2980 9685 20 65
2369 6695 23 65
2783 7865 23 65
2666 6665 26 65
3296 6695 32 65
3872 7865 32 65
1250 1625 50 65
5656 6565 56 65
3599 3965 59 65
1127 6762 11 66
1271 7626 11 66
1112 6116 12 66
1248 6864 12 66
2184 6864 21 66
3075 6765 30 66
5545 6654 55 66
5455 6546 55 66
4555 5466 55 66
1183 6188 13 68
1667 6668 17 68
2015 6851 20 68
1520 5168 20 68
1820 6188 20 68
2184 6188 24 68
1232 2618 32 68
3499 6998 34 68
3185 6188 35 68
4186 6188 46 68
5721 7628 51 68
2156 2618 56 68
5187 6188 57 68
1274 6279 14 69
1729 6279 19 69
2275 6279 25 69
2730 6279 30 69
3276 6279 36 69
4365 6693 45 69
4277 6279 47 69
5278 6279 58 69
1015 7105 10 70
1390 9730 10 70
1346 6730 14 70
1994 9970 14 70
1365 6370 15 70
1635 7630 15 70
1776 7770 16 70
1638 6370 18 70
2991 9970 21 70
1325 3710 25 70
2645 7406 25 70
2775 7770 25 70
2366 6370 26 70
2668 6670 28 70
2639 6370 29 70
3451 7105 34 70
3264 6720 34 70
3774 7770 34 70
3365 6730 35 70
3653 7306 35 70
3995 7990 35 70
3367 6370 37 70
4012 7021 40 70
4120 7210 40 70
1240 2170 40 70
4024 7042 40 70
4240 7420 40 70
2440 4270 40 70
4036 7063 40 70
4360 7630 40 70
3640 6370 40 70
4048 7084 40 70
4480 7840 40 70
4840 8470 40 70
4524 7540 42 70
4773 7770 43 70
1426 2170 46 70
4368 6370 48 70
4669 6670 49 70
5824 7840 52 70
5772 7770 52 70
5928 7980 52 70
5369 6370 59 70
6771 7770 61 70
1683 1870 63 70
1675 1750 67 70
1133 7313 11 71
1717 7171 17 71
1887 7881 17 71
2886 7881 26 71
3885 7881 35 71
4884 7881 44 71
5883 7881 53 71
6882 7881 62 71
1089 8712 9 72
1045 7524 10 72
1254 7524 12 72
1815 8712 15 72
1618 7281 16 72
1816 8172 16 72
1636 7362 16 72
1833 7332 18 72
1683 6732 18 72
1983 7932 18 72
1668 6672 18 72
1698 6792 18 72
1998 7992 18 72
2992 9792 22 72
2727 7272 27 72
2997 7992 27 72
2863 7362 28 72
3663 7326 36 72
3366 6732 36 72
3996 7992 36 72
4995 7992 45 72
5994 7992 54 72
6810 8172 60 72
6360 7632 60 72
6045 7254 60 72
4560 5472 60 72
1638 1872 63 72
6993 7992 63 72
1378 7738 13 73
3737 7373 37 73
2346 3723 46 73
4876 7738 46 73
3264 3723 64 73
6784 7738 64 73
1484 7844 14 74
1365 6734 15 74
1638 6734 18 74
2438 7844 23 74
2366 6734 26 74
2639 6734 29 74
2958 7548 29 74
3367 6734 37 74
3673 7346 37 74
3997 7994 37 74
3640 6734 40 74
4747 7474 47 74
4368 6734 48 74
5369 6734 59 74
6370 6734 70 74
1599 7995 15 75
1959 9795 15 75
1995 9975 15 75
2180 8175 20 75
2036 7635 20 75
2219 7925 21 75
2177 7775 21 75
2472 7725 24 75
3066 7665 30 75
3906 9765 30 75
3990 9975 30 75
3815 8175 35 75
3563 7635 35 75
4784 7475 48 75
5488 8575 48 75
5810 8715 50 75
5757 7575 57 75
1669 6676 19 76
1699 6796 19 76
1999 7996 19 76
3368 6736 38 76
3683 7366 38 76
3998 7996 38 76
4190 7961 40 76
5997 7996 57 76
6767 7676 67 76
1139 7973 11 77
1391 9737 11 77
1334 7337 14 77
1235 2717 35 77
3335 7337 35 77
4412 7721 44 77
4124 7217 44 77
1244 2177 44 77
4424 7742 44 77
4244 7427 44 77
2444 4277 44 77
4436 7763 44 77
4364 7637 44 77
3644 6377 44 77
4448 7784 44 77
4484 7847 44 77
4844 8477 44 77
1150 1771 50 77
5216 7172 56 77
1256 1727 56 77
5336 7337 56 77
2224 7228 24 78
2364 7683 24 78
3369 6738 39 78
3693 7386 39 78
3999 7998 39 78
5219 7982 51 78
5812 8718 52 78
6815 8178 65 78
6365 7638 65 78
6545 7854 65 78
4565 5478 65 78
4575 4758 75 78
1183 7189 13 79
1820 7189 20 79
2184 7189 24 79
3185 7189 35 79
4960 9796 40 79
4186 7189 46 79
5187 7189 57 79
6188 7189 68 79
1421 8120 14 80
1442 8240 14 80
1274 7280 14 80
1463 8360 14 80
1484 8480 14 80
1694 9680 14 80
1366 6830 16 80
1996 9980 16 80
1972 9280 17 80
1887 8880 17 80
1729 7280 19 80
2438 8480 23 80
2994 9980 24 80
2275 7280 25 80
2725 8720 25 80
2886 8880 26 80
3027 8072 30 80
3270 8720 30 80
2730 7280 30 80
3332 8330 32 80
3932 9830 32 80
3992 9980 32 80
3885 8880 35 80
3681 8180 36 80
3276 7280 36 80
4990 9980 40 80
4961 9680 41 80
4884 8880 44 80
4277 7280 47 80
5936 8960 53 80
5883 8880 53 80
5643 8360 54 80
1526 2180 56 80
5278 7280 58 80
6081 8108 60 80
6405 8540 60 80
6882 8880 62 80
4658 5480 68 80
6279 7280 69 80
7881 8880 71 80
7844 8480 74 80
5475 5840 75 80
1786 1880 76 80
1818 8181 18 81
1998 8991 18 81
2997 8991 27 81
3996 8991 36 81
4995 8991 45 81
5994 8991 54 81
6993 8991 63 81
7992 8991 72 81
1696 8692 16 82
2233 8323 22 82
2828 8282 28 82
2968 8692 28 82
4163 8326 41 82
4316 8632 41 82
3416 6832 41 82
4991 9982 41 82
3838 8383 38 83
1499 8994 14 84
1368 6384 18 84
2166 8664 21 84
2187 8748 21 84
2998 8994 28 84
3055 8554 30 84
4992 9984 42 84
4728 8274 48 84
4848 8484 48 84
4968 8694 48 84
5996 8994 56 84
6138 8184 63 84
7270 8724 70 84
7045 8454 70 84
4570 5484 70 84
3680 3864 80 84
1367 6835 17 85
1673 8365 17 85
1799 8995 17 85
1979 9895 17 85
1997 9985 17 85
1159 5185 19 85
1957 8755 19 85
2036 8653 20 85
2515 8551 25 85
1525 5185 25 85
2425 8245 25 85
2575 8755 25 85
3334 8335 34 85
3346 8365 34 85
3934 9835 34 85
3466 8665 34 85
3946 9865 34 85
3994 9985 34 85
3563 8653 35 85
4462 8245 46 85
5991 9985 51 85
5858 8585 58 85
7635 8653 75 85
1274 7826 14 86
1729 7826 19 86
2275 7826 25 86
2730 7826 30 86
3276 7826 36 86
4993 9986 43 86
4277 7826 47 86
5278 7826 58 86
6528 8256 68 86
6868 8686 68 86
6279 7826 69 86
7280 7826 80 86
1128 8178 12 87
2448 8874 24 87
2999 8997 29 87
4284 8874 42 87
5998 8997 58 87
1260 1827 60 87
7878 8787 78 87
1556 8558 16 88
1796 9878 16 88
3327 8872 33 88
3273 8728 33 88
2733 7288 33 88
4499 8998 44 88
4949 9898 44 88
4994 9988 44 88
1470 1848 70 88
8990 9889 80 88
1680 1869 80 89
1045 9405 10 90
1254 9405 12 90
1183 8190 13 90
1518 9108 15 90
1386 6930 18 90
1998 9990 18 90
2018 9081 20 90
2180 9810 20 90
1820 8190 20 90
2184 8190 24 90
2472 9270 24 90
2544 9540 24 90
2997 9990 27 90
3185 8190 35 90
3815 9810 35 90
3996 9990 36 90
4452 9540 42 90
4653 9306 45 90
3465 6930 45 90
4995 9990 45 90
4186 8190 46 90
5994 9990 54 90
5187 8190 57 90
6993 9990 63 90
6188 8190 68 90
7128 8910 72 90
7524 9405 72 90
4752 5940 72 90
7992 9990 72 90
8175 9810 75 90
7725 9270 75 90
7545 9054 75 90
4575 5490 75 90
4758 5490 78 90
7189 8190 79 90
8991 9990 81 90
1848 1980 84 90
4895 4950 89 90
1199 9919 11 91
1333 9331 13 91
1345 9415 13 91
1454 9451 14 91
1919 9191 19 91
2127 9217 21 91
3819 8911 39 91
5212 9121 52 91
1252 2191 52 91
5224 9142 52 91
2452 4291 52 91
5332 9331 52 91
5236 9163 52 91
3652 6391 52 91
5452 9541 52 91
5248 9184 52 91
4852 8491 52 91
5572 9751 52 91
5692 9961 52 91
1155 1911 55 91
5995 9919 55 91
5672 9217 56 91
6543 9451 63 91
7240 9412 70 91
4570 5941 70 91
5484 5941 84 91
6688 6916 88 91
1281 9821 12 92
1720 7912 20 92
2333 9332 23 92
2756 9752 26 92
2929 9292 29 92
4663 9326 46 92
3466 6932 46 92
4996 9992 46 92
4850 8924 50 92
6572 9752 62 92
1365 1932 65 92
4280 4922 80 92
3145 9435 31 93
3939 9393 39 93
1575 1953 75 93
1015 9541 10 94
1696 9964 16 94
2968 9964 28 94
3451 9541 34 94
1240 2914 40 94
1426 2914 46 94
4673 9346 47 94
3467 6934 47 94
4997 9994 47 94
4949 9494 49 94
2170 2914 70 94
7105 9541 70 94
8692 9964 82 94
1785 1974 85 94
1999 9995 19 95
2096 9956 20 95
2231 9215 23 95
2678 9785 26 95
2987 9785 29 95
3866 9665 38 95
3986 9965 38 95
3998 9995 38 95
3650 6935 50 95
5768 9785 56 95
5997 9995 57 95
5959 9595 59 95
7564 9455 76 95
4756 5945 76 95
7996 9995 76 95
2480 2945 80 95
1627 9762 16 96
2334 9336 24 96
2349 9396 24 96
2499 9996 24 96
3681 9816 36 96
3627 9672 36 96
2736 7296 36 96
3546 9456 36 96
3472 7936 42 96
4277 9776 42 96
4683 9366 48 96
3468 6936 48 96
4998 9996 48 96
6739 9376 69 96
6969 9696 69 96
8180 9816 80 96
8045 9654 80 96
4580 5496 80 96
2790 2976 90 96
1159 5917 19 97
1525 5917 25 97
7979 9797 79 97
5185 5917 85 97
4488 4947 88 97
1183 8918 13 98
1334 9338 14 98
1377 7938 17 98
1820 8918 20 98
2184 8918 24 98
3185 8918 35 98
3335 9338 35 98
4186 8918 46 98
4693 9386 49 98
3469 6938 49 98
4999 9998 49 98
5612 9821 56 98
5216 9128 56 98
1256 2198 56 98
5624 9842 56 98
2456 4298 56 98
5336 9338 56 98
5636 9863 56 98
3656 6398 56 98
5456 9548 56 98
5648 9884 56 98
4856 8498 56 98
5576 9758 56 98
5696 9968 56 98
5187 8918 57 98
6188 8918 68 98
7172 9128 77 98
1727 2198 77 98
7337 9338 77 98
7189 8918 79 98
5680 6958 80 98
8989 9898 89 98
8190 8918 90 98
5795 5978 95 98
1778 9779 18 99
2218 9981 22 99
2182 9819 22 99
1822 8199 22 99
