1194 1393 114 133
1192 1490 112 140
1139 1340 119 140
1064 1463 104 143
1196 1495 116 145
1194 1592 114 152
1393 1592 133 152
1197 1596 117 156
1162 1660 112 160
1169 1670 119 170
1194 1791 114 171
1393 1791 133 171
1592 1791 152 171
1196 1794 116 174
1495 1794 145 174
1014 1716 104 176
1198 1797 118 177
1064 1862 104 182
1463 1862 143 182
1165 1864 115 184
1191 1985 111 185
1336 1837 136 187
1491 1988 141 188
1068 1869 108 189
1194 1990 114 190
1393 1990 133 190
1592 1990 152 190
1791 1990 171 190
1494 1992 144 192
1197 1995 117 195
1596 1995 156 195
1497 1996 147 196
1157 1958 117 198
1210 2200 110 200
1625 2600 125 200
1728 2700 128 200
1394 2091 134 201
1934 2901 134 201
1316 2303 116 203
1196 2093 116 203
1495 2093 145 203
1794 2093 174 203
1396 2094 136 204
1936 2904 136 204
1246 2047 126 207
1526 2507 126 207
1398 2097 138 207
1938 2907 138 207
1049 2098 104 208
1630 2608 130 208
1326 2028 136 208
1836 2808 136 208
1110 2109 110 209
1095 2190 105 210
1320 2310 120 210
1940 2910 140 210
1096 2192 106 212
1942 2913 142 213
1097 2194 107 214
1098 2196 108 216
1335 2136 135 216
1635 2616 135 216
1944 2916 144 216
1324 2317 124 217
1099 2198 109 218
1946 2919 146 219
1221 2220 121 220
1430 2420 130 220
1064 2261 104 221
1463 2261 143 221
1862 2261 182 221
1948 2922 148 222
1328 2324 128 224
1640 2624 140 224
1424 2225 144 225
1744 2725 144 225
1950 2925 150 225
1149 2298 114 228
1120 2128 120 228
1952 2928 152 228
1195 2390 115 230
1540 2530 140 230
1631 2330 161 230
1332 2331 132 231
1594 2391 154 231
1954 2931 154 231
1196 2392 116 232
1645 2632 145 232
1495 2392 145 232
1794 2392 174 232
2093 2392 203 232
1197 2394 117 234
1513 2314 153 234
1853 2834 153 234
1596 2394 156 234
1956 2934 156 234
1995 2394 195 234
1198 2396 118 236
1797 2396 177 236
1598 2397 158 237
1958 2937 158 237
1199 2398 119 238
1336 2338 136 238
1837 2338 187 238
1085 2480 105 240
1232 2240 132 240
1342 2440 132 240
1494 2490 144 240
1650 2640 150 240
1960 2940 160 240
1638 2340 168 240
1992 2490 192 240
1443 2442 143 242
1962 2943 162 243
1139 2345 119 245
1340 2345 140 245
1497 2495 147 245
1996 2495 196 245
1964 2946 164 246
1130 2147 130 247
1014 2418 104 248
1249 2498 124 248
1655 2648 155 248
1716 2418 176 248
1966 2949 166 249
1300 3250 100 250
1060 2650 100 250
1295 2590 125 250
1760 2750 160 250
1296 2592 126 252
1344 2352 144 252
1464 2562 144 252
1968 2952 168 252
1165 2563 115 253
1554 2553 154 253
1864 2563 184 253
1297 2594 127 254
1302 3255 102 255
1026 2565 102 255
1062 2655 102 255
1970 2955 170 255
1162 2656 112 256
1127 2576 112 256
1298 2596 128 256
1660 2656 160 256
1299 2598 129 258
1972 2958 172 258
1348 2359 148 259
1468 2569 148 259
1304 3260 104 260
1064 2660 104 260
1243 2260 143 260
1463 2660 143 260
1870 2860 170 260
1862 2660 182 260
2261 2660 221 260
1196 2691 116 261
1495 2691 145 261
1794 2691 174 261
1974 2961 174 261
2093 2691 203 261
2392 2691 232 261
1456 2464 156 264
1586 2684 156 264
1665 2664 165 264
1796 2694 176 264
1976 2964 176 264
1306 3265 106 265
1066 2665 106 265
1140 2166 140 266
1352 2366 152 266
1798 2697 178 267
1978 2967 178 267
1349 2698 134 268
1308 3270 108 270
1068 2670 108 270
1395 2790 135 270
1980 2970 180 270
1869 2670 189 270
1169 2672 119 272
1396 2792 136 272
1670 2672 170 272
2094 2792 204 272
1197 2793 117 273
1356 2373 156 273
1596 2793 156 273
1982 2973 182 273
1995 2793 195 273
2394 2793 234 273
1397 2794 137 274
1310 3275 110 275
1106 2765 110 275
1190 2975 110 275
1776 2775 176 275
1398 2796 138 276
1568 2576 168 276
1984 2976 184 276
2097 2796 207 276
1399 2798 139 278
1157 2759 117 279
1986 2979 186 279
1958 2759 198 279
1132 2830 112 280
1312 3280 112 280
1192 2980 112 280
1490 2980 140 280
1254 2280 154 280
1584 2880 154 280
1360 2380 160 280
1675 2680 175 280
1491 2982 141 282
1988 2982 188 282
1492 2984 142 284
1134 2835 114 285
1314 3285 114 285
1146 2865 114 285
1194 2985 114 285
1393 2985 133 285
1150 2185 150 285
1592 2985 152 285
1791 2985 171 285
1990 2985 190 285
1493 2986 143 286
1469 2486 169 286
1887 2886 187 286
1364 2387 164 287
1246 2848 126 288
1449 2898 144 288
1494 2988 144 288
1680 2688 180 288
1992 2988 192 288
2047 2848 207 288
2490 2988 240 288
1336 2839 136 289
1837 2839 187 289
2338 2839 238 289
1316 3290 116 290
1196 2990 116 290
1495 2990 145 290
1794 2990 174 290
2303 3290 203 290
2093 2990 203 290
2392 2990 232 290
2691 2990 261 290
1994 2991 194 291
1496 2992 146 292
1055 2954 105 294
1497 2994 147 294
1368 2394 168 294
1996 2994 196 294
2495 2994 245 294
1318 3295 118 295
1186 2965 118 295
1198 2995 118 295
1797 2995 177 295
2396 2995 236 295
1498 2996 148 296
1835 2936 185 296
1685 2696 185 296
1335 2937 135 297
1998 2997 198 297
2136 2937 216 297
1499 2998 149 298
1582 2599 182 299
1320 3300 120 300
1950 3900 150 300
1265 2300 165 300
1952 3050 192 300
2310 3300 210 300
2925 3900 225 300
1732 3031 172 301
1951 3902 151 302
1323 3024 133 304
1533 3504 133 304
1952 3904 152 304
2928 3904 228 304
1322 3305 122 305
1226 3065 122 305
1424 3026 144 306
1744 3706 144 306
1953 3906 153 306
2225 3026 225 306
2725 3706 225 306
1110 3108 110 308
1640 3608 140 308
1549 3098 154 308
1954 3908 154 308
1736 3038 176 308
2109 3108 209 308
2624 3608 224 308
2931 3908 231 308
1324 3310 124 310
1264 3160 124 310
1430 3410 130 310
1595 3190 155 310
1955 3910 155 310
2317 3310 217 310
2420 3410 220 310
1197 3192 117 312
1596 3192 156 312
1956 3912 156 312
1995 3192 195 312
2074 3172 204 312
2394 3192 234 312
2934 3912 234 312
2793 3192 273 312
1597 3194 157 314
1957 3914 157 314
1326 3315 126 315
1266 3165 126 315
1513 3115 153 315
1853 3815 153 315
2314 3115 234 315
2834 3815 234 315
1598 3196 158 316
1958 3916 158 316
2397 3196 237 316
2937 3916 237 316
1599 3198 159 318
1959 3918 159 318
1221 3219 121 319
1645 3619 145 319
2220 3219 220 319
2632 3619 232 319
1014 3120 104 320
1404 4320 104 320
1328 3320 128 320
1540 3520 140 320
1960 3920 160 320
1716 3120 176 320
1276 2320 176 320
2324 3320 224 320
2530 3520 230 320
2940 3920 240 320
2418 3120 248 320
1097 3291 107 321
2194 3291 214 321
1115 3122 115 322
1165 3262 115 322
1961 3922 161 322
1864 3262 184 322
2563 3262 253 322
1512 3213 152 323
1752 3723 152 323
1098 3294 108 324
1962 3924 162 324
2196 3294 216 324
2943 3924 243 324
1330 3325 130 325
1963 3926 163 326
1099 3297 109 327
2198 3297 218 327
1649 3298 164 328
1964 3928 164 328
2946 3928 246 328
1868 3269 188 329
1332 3330 132 330
1650 3630 150 330
1695 3390 165 330
1965 3930 165 330
2331 3330 231 330
2640 3630 240 330
1696 3392 166 332
1966 3932 166 332
2949 3932 249 332
1697 3394 167 334
1967 3934 167 334
1334 3335 134 335
1346 3365 134 335
1120 3136 120 336
1547 3536 147 336
1477 3376 147 336
1698 3396 168 336
1968 3936 168 336
2128 3136 228 336
2952 3936 252 336
1024 3328 104 338
1699 3398 169 338
1969 3938 169 338
1336 3340 136 340
1396 3490 136 340
1760 3740 160 340
1970 3940 170 340
1287 2340 187 340
1837 3340 187 340
2094 3490 204 340
2338 3340 238 340
2750 3740 250 340
2955 3940 255 340
2792 3490 272 340
2839 3340 289 340
1443 3441 143 341
1655 3641 155 341
2442 3441 242 341
2648 3641 248 341
1971 3942 171 342
1497 3493 147 343
1996 3493 196 343
2495 3493 245 343
2994 3493 294 343
1972 3944 172 344
2165 3464 215 344
2958 3944 258 344
1338 3345 138 345
1386 3465 138 345
1398 3495 138 345
2097 3495 207 345
2796 3495 276 345
1973 3946 173 346
1232 3248 132 348
1749 3498 174 348
1974 3948 174 348
2240 3248 240 348
2961 3948 261 348
1139 3350 119 350
1125 3150 125 350
1275 3570 125 350
1340 3350 140 350
1460 3650 140 350
1870 3850 170 350
1795 3590 175 350
1975 3950 175 350
2345 3350 245 350
2860 3850 260 350
1197 3591 117 351
1596 3591 156 351
1995 3591 195 351
2394 3591 234 351
2793 3591 273 351
3192 3591 312 351
1162 3652 112 352
1554 3552 154 352
1660 3652 160 352
1796 3592 176 352
1976 3952 176 352
2553 3552 253 352
2656 3652 256 352
2694 3592 264 352
2964 3952 264 352
1198 3594 118 354
1797 3594 177 354
1977 3954 177 354
2396 3594 236 354
2995 3594 295 354
1342 3355 142 355
1426 3565 142 355
1462 3655 142 355
1798 3596 178 356
1978 3956 178 356
2697 3596 267 356
2967 3956 267 356
1199 3597 119 357
1768 3757 168 357
1688 3587 168 357
2398 3597 238 357
1799 3598 179 358
1979 3958 179 358
1417 4360 117 360
1157 3560 117 360
1344 3360 144 360
1464 3660 144 360
1980 3960 180 360
1298 2360 198 360
1958 3560 198 360
2352 3360 252 360
2562 3660 252 360
2970 3960 270 360
2759 3560 279 360
1981 3962 181 362
1665 3663 165 363
2664 3663 264 363
1112 3614 112 364
1130 3164 130 364
1305 3654 130 364
1380 3864 130 364
1982 3964 182 364
2147 3164 247 364
2973 3964 273 364
1466 3665 146 365
1983 3966 183 366
1561 3568 161 368
1849 3698 184 368
1984 3968 184 368
2976 3968 276 368
1246 3649 126 369
2047 3649 207 369
2848 3649 288 369
1191 3970 111 370
1348 3370 148 370
1468 3670 148 370
1895 3790 185 370
1985 3970 185 370
2359 3370 259 370
2569 3670 259 370
2132 3731 212 371
1456 3472 156 372
1586 3782 156 372
1896 3792 186 372
1986 3972 186 372
2464 3472 264 372
2684 3782 264 372
2979 3972 279 372
1169 3674 119 374
1670 3674 170 374
1776 3774 176 374
1897 3794 187 374
1987 3974 187 374
2672 3674 272 374
2775 3774 275 374
1505 5375 105 375
1057 3775 105 375
1085 3875 105 375
1350 3375 150 375
1506 3765 150 375
1590 3975 150 375
2480 3875 240 375
1491 3976 141 376
1898 3796 188 376
1988 3976 188 376
2335 3736 235 376
2982 3976 282 376
1156 3757 116 377
1243 3277 143 377
2260 3277 260 377
1135 3178 135 378
1335 3738 135 378
1385 3878 135 378
1899 3798 189 378
1989 3978 189 378
2136 3738 216 378
2937 3738 297 378
1194 3980 114 380
1393 3980 133 380
1532 3830 152 380
1352 3380 152 380
1592 3980 152 380
1791 3980 171 380
1990 3980 190 380
2409 4380 209 380
2079 3780 209 380
2366 3380 266 380
2985 3980 285 380
1297 3891 127 381
2594 3891 254 381
1991 3982 191 382
1298 3894 128 384
1494 3984 144 384
1568 3584 168 384
1992 3984 192 384
2490 3984 240 384
2596 3894 256 384
2576 3584 276 384
2988 3984 288 384
1534 3835 154 385
1354 3385 154 385
1546 3865 154 385
1594 3985 154 385
1675 3685 175 385
1887 3885 187 385
2391 3985 231 385
2680 3685 280 385
2886 3885 286 385
1993 3986 193 386
1299 3897 129 387
1424 3827 144 387
2225 3827 225 387
2598 3897 258 387
3026 3827 306 387
1949 3898 194 388
1994 3988 194 388
2991 3988 291 388
1197 3990 117 390
1356 3390 156 390
1596 3990 156 390
1995 3990 195 390
2394 3990 234 390
2373 3390 273 390
2793 3990 273 390
3192 3990 312 390
3591 3990 351 390
1165 3961 115 391
1864 3961 184 391
1784 3791 184 391
2563 3961 253 391
3262 3961 322 391
1140 3192 140 392
1497 3992 147 392
1996 3992 196 392
2264 3962 224 392
2495 3992 245 392
2166 3192 266 392
2994 3992 294 392
3493 3992 343 392
1997 3994 197 394
1358 3395 158 395
1586 3965 158 395
1598 3995 158 395
2397 3995 237 395
3196 3995 316 395
1513 3916 153 396
1680 3696 180 396
1998 3996 198 396
2314 3916 234 396
2688 3696 288 396
2997 3996 297 396
3115 3916 315 396
1999 3998 199 398
2268 3969 228 399
1600 6400 100 400
1512 5400 112 400
1430 4400 130 400
1360 3400 160 400
1960 4900 160 400
1785 4080 175 400
2420 4400 220 400
2940 4900 240 400
2380 3400 280 400
3410 4400 310 400
3920 4900 320 400
1324 4303 124 403
1244 4043 124 403
2317 4303 217 403
3310 4303 310 403
1016 4064 101 404
1601 6404 101 404
1362 3405 162 405
1626 4065 162 405
1962 4905 162 405
2943 4905 243 405
3924 4905 324 405
1445 4046 145 406
1645 4606 145 406
2632 4606 232 406
3619 4606 319 406
1110 4107 110 407
1835 4037 185 407
2109 4107 209 407
2936 4037 296 407
3108 4107 308 407
1602 6408 102 408
2049 4098 204 408
1540 4510 140 410
1364 3410 164 410
1664 4160 164 410
1964 4910 164 410
2095 4190 205 410
2530 4510 230 410
2946 4910 246 410
2387 3410 287 410
3520 4510 320 410
3928 4910 328 410
1397 4191 137 411
2794 4191 274 411
1033 4132 103 412
1603 6412 103 412
2096 4192 206 412
1198 4193 118 413
1797 4193 177 413
2636 4613 236 413
2396 4193 236 413
2995 4193 295 413
3594 4193 354 413
1398 4194 138 414
2097 4194 207 414
2796 4194 276 414
3495 4194 345 414
1366 3415 166 415
1666 4165 166 415
1966 4915 166 415
2949 4915 249 415
3932 4915 332 415
1034 4136 104 416
1604 6416 104 416
1049 4196 104 416
1328 4316 128 416
1288 4186 128 416
1827 4176 182 416
2098 4196 208 416
2324 4316 224 416
3320 4316 320 416
1399 4197 139 417
2798 4197 278 417
1221 4218 121 418
2099 4198 209 418
2220 4218 220 418
2457 4158 247 418
2847 4818 247 418
3219 4218 319 418
1065 4260 105 420
1605 6420 105 420
1650 4620 150 420
1368 3420 168 420
1968 4920 168 420
2074 4270 204 420
2321 4220 231 420
2431 4420 231 420
2640 4620 240 420
2952 4920 252 420
2394 3420 294 420
3172 4270 312 420
3630 4620 330 420
3936 4920 336 420
1066 4264 106 424
1606 6424 106 424
2665 4264 265 424
1519 5425 119 425
1197 4275 119 425
1730 4325 170 425
1370 3425 170 425
1706 4265 170 425
1970 4925 170 425
2955 4925 255 425
3940 4925 340 425
2644 4627 244 427
1067 4268 107 428
1607 6428 107 428
2149 4298 214 428
1332 4329 132 429
2331 4329 231 429
3330 4329 330 429
1760 4730 160 430
1732 4330 172 430
1372 3430 172 430
1972 4930 172 430
2195 4390 215 430
2750 4730 250 430
2958 4930 258 430
3031 4330 301 430
3740 4730 340 430
3944 4930 344 430
1083 4332 108 432
1608 6432 108 432
1098 4392 108 432
2196 4392 216 432
3294 4392 324 432
1555 4354 155 434
1655 4634 155 434
2197 4394 217 434
2648 4634 248 434
3641 4634 341 434
1734 4335 174 435
1374 3435 174 435
1746 4365 174 435
1974 4935 174 435
2961 4935 261 435
3948 4935 348 435
1609 6436 109 436
1099 4396 109 436
2198 4396 218 436
3297 4396 327 436
2230 4237 230 437
2646 4347 266 437
2199 4398 219 438
1160 4640 110 440
1610 6440 110 440
1443 4440 143 440
1870 4840 170 440
1736 4340 176 440
1376 3440 176 440
1796 4490 176 440
1976 4940 176 440
2442 4440 242 440
2860 4840 260 440
2694 4490 264 440
2964 4940 264 440
3038 4340 308 440
3441 4440 341 440
3850 4840 350 440
3592 4490 352 440
3952 4940 352 440
1497 4491 147 441
1996 4491 196 441
2495 4491 245 441
2532 4431 252 441
2652 4641 252 441
2994 4491 294 441
3493 4491 343 441
3992 4491 392 441
1336 4342 136 442
1376 4472 136 442
1837 4342 187 442
2338 4342 238 442
2839 4342 289 442
3340 4342 340 442
1116 4464 111 444
1161 4644 111 444
1611 6444 111 444
1120 4144 120 444
1498 4494 148 444
2128 4144 228 444
2996 4494 296 444
3136 4144 336 444
1738 4345 178 445
1378 3445 178 445
1786 4465 178 445
1798 4495 178 445
1978 4945 178 445
2697 4495 267 445
2967 4945 267 445
3596 4495 356 445
3956 4945 356 445
1499 4497 149 447
2998 4497 298 447
1162 4648 112 448
1612 6448 112 448
1660 4648 160 448
1946 4448 196 448
2249 4498 224 448
2536 4438 256 448
2656 4648 256 448
3652 4648 352 448
1246 4450 126 450
1526 5450 126 450
1380 3450 180 450
1860 4650 180 450
1980 4950 180 450
2047 4450 207 450
2507 5450 207 450
2295 4590 225 450
2970 4950 270 450
2848 4450 288 450
3960 4950 360 450
3649 4450 369 450
1554 4551 154 451
2553 4551 253 451
3552 4551 352 451
1133 4532 113 452
1163 4652 113 452
1613 6452 113 452
2296 4592 226 452
2297 4594 227 454
1064 4655 104 455
1704 7455 104 455
1048 4585 104 455
1139 4355 119 455
1340 4355 140 455
1463 4655 143 455
1382 3455 182 455
1826 4565 182 455
1862 4655 182 455
1982 4955 182 455
2261 4655 221 455
2345 4355 245 455
2660 4655 260 455
2973 4955 273 455
3350 4355 350 455
3964 4955 364 455
1134 4536 114 456
1164 4656 114 456
1614 6456 114 456
1149 4596 114 456
1232 4256 132 456
2298 4596 228 456
2240 4256 240 456
2835 4536 285 456
3248 4256 348 456
2299 4598 229 458
1335 4539 135 459
2136 4539 216 459
2937 4539 297 459
3738 4539 378 459
1165 4660 115 460
1615 6460 115 460
1384 3460 184 460
1864 4660 184 460
1984 4960 184 460
2453 4460 253 460
2563 4660 253 460
2976 4960 276 460
3262 4660 322 460
3968 4960 368 460
3961 4660 391 460
1665 4662 165 462
2664 4662 264 462
2743 4642 273 462
2873 4862 273 462
3663 4662 363 462
1166 4664 116 464
1616 6464 116 464
2023 4624 203 464
1866 4665 186 465
1986 4965 186 465
2979 4965 279 465
3972 4965 372 465
1167 4668 117 468
1617 6468 117 468
1424 4628 144 468
1344 4368 144 468
2225 4628 225 468
2349 4698 234 468
2352 4368 252 468
3026 4628 306 468
3360 4368 360 468
3827 4628 387 468
2668 4669 268 469
1491 4970 141 470
1388 3470 188 470
1868 4670 188 470
1988 4970 188 470
2395 4790 235 470
2982 4970 282 470
3269 4670 329 470
3976 4970 376 470
1597 4791 157 471
3194 4791 314 471
1183 4732 118 472
1168 4672 118 472
1618 6472 118 472
1198 4792 118 472
1797 4792 177 472
2396 4792 236 472
2995 4792 295 472
3594 4792 354 472
4193 4792 413 472
1776 4773 176 473
2165 4763 215 473
2775 4773 275 473
3464 4763 344 473
3774 4773 374 473
1598 4794 158 474
2397 4794 237 474
3196 4794 316 474
3995 4794 395 474
1194 4975 114 475
1323 4725 133 475
1533 5475 133 475
1337 4775 133 475
1393 4975 133 475
1592 4975 152 475
1791 4975 171 475
1390 3475 190 475
1906 4765 190 475
1990 4975 190 475
2250 4275 250 475
2985 4975 285 475
3024 4725 304 475
3504 5475 304 475
3980 4975 380 475
1169 4676 119 476
1619 6476 119 476
1199 4796 119 476
1670 4676 170 476
2224 4726 224 476
2398 4796 238 476
2672 4676 272 476
3597 4796 357 476
3674 4676 374 476
1513 4717 153 477
1599 4797 159 477
2314 4717 234 477
3115 4717 315 477
3198 4797 318 477
3916 4717 396 477
2399 4798 239 478
1802 8480 102 480
1620 6480 120 480
1494 4980 144 480
1456 4480 156 480
1586 4880 156 480
1932 4830 192 480
1392 3480 192 480
1992 4980 192 480
2490 4980 240 480
2464 4480 264 480
2684 4880 264 480
2988 4980 288 480
3472 4480 372 480
3782 4880 372 480
3984 4980 384 480
1130 4181 130 481
1348 4381 148 481
2147 4181 247 481
2359 4381 259 481
3164 4181 364 481
3370 4381 370 481
2491 4982 241 482
1055 4853 105 483
1398 4893 138 483
2097 4893 207 483
2676 4683 276 483
2796 4893 276 483
2954 4853 294 483
3495 4893 345 483
4194 4893 414 483
1216 4864 121 484
1621 6484 121 484
1887 4884 187 484
2492 4984 242 484
2886 4884 286 484
3885 4884 385 484
1934 4835 194 485
1394 3485 194 485
1946 4865 194 485
1994 4985 194 485
2991 4985 291 485
3988 4985 388 485
2493 4986 243 486
1622 6488 122 488
2449 4898 244 488
2494 4988 244 488
1712 7490 112 490
1497 4990 147 490
1675 4690 175 490
1775 4970 175 490
1996 4990 196 490
2495 4990 245 490
2680 4690 280 490
2994 4990 294 490
3493 4990 343 490
3685 4690 385 490
3992 4990 392 490
4491 4990 441 490
1233 4932 123 492
1623 6492 123 492
1568 4592 168 492
2496 4992 246 492
2576 4592 276 492
3584 4592 384 492
2312 4913 232 493
1243 4294 143 494
1512 4914 152 494
1352 4394 152 494
2497 4994 247 494
2260 4294 260 494
2366 4394 266 494
3213 4914 323 494
3277 4294 377 494
3380 4394 380 494
1998 4995 198 495
2997 4995 297 495
3996 4995 396 495
1234 4936 124 496
1624 6496 124 496
1249 4996 124 496
2177 4976 217 496
2498 4996 248 496
2684 4697 284 497
2499 4998 249 498
1900 9500 100 500
1325 5300 125 500
1265 5060 125 500
1625 6500 125 500
1540 5500 140 500
2600 6500 200 500
2530 5500 230 500
2950 5900 250 500
2475 4500 275 500
3520 5500 320 500
4510 5500 410 500
1697 5091 167 501
1967 5901 167 501
3394 5091 334 501
3934 5901 334 501
2951 5902 251 502
1326 5304 126 504
1266 5064 126 504
1626 6504 126 504
1698 5094 168 504
1968 5904 168 504
1805 5054 180 504
2952 5904 252 504
3315 5304 315 504
3165 5064 315 504
3396 5094 336 504
3936 5904 336 504
4920 5904 420 504
1019 5095 101 505
1901 9505 101 505
2026 5065 202 505
2602 6505 202 505
1110 5106 110 506
2109 5106 209 506
2953 5906 253 506
3108 5106 308 506
4107 5106 407 506
1556 5057 156 507
1756 5707 156 507
1699 5097 169 507
1969 5907 169 507
3398 5097 338 507
3938 5907 338 507
1327 5308 127 508
1267 5068 127 508
1627 6508 127 508
2549 5098 254 508
2954 5908 254 508
1902 9510 102 510
1650 5610 150 510
1970 5910 170 510
2064 5160 204 510
2604 6510 204 510
2640 5610 240 510
2595 5190 255 510
2955 5910 255 510
3630 5610 330 510
3940 5910 340 510
4620 5610 420 510
4925 5910 425 510
2932 5131 292 511
1283 5132 128 512
1328 5312 128 512
1628 6512 128 512
1298 5192 128 512
2324 5312 224 512
2254 5152 224 512
2596 5192 256 512
2956 5912 256 512
3320 5312 320 512
3894 5192 384 512
4316 5312 416 512
1971 5913 171 513
3942 5913 342 513
2597 5194 257 514
2957 5914 257 514
1039 5195 103 515
1903 9515 103 515
2066 5165 206 515
2606 6515 206 515
1329 5316 129 516
1629 6516 129 516
1299 5196 129 516
1972 5916 172 516
2598 5196 258 516
2958 5916 258 516
3944 5916 344 516
3897 5196 387 516
4930 5916 430 516
1221 5217 121 517
2220 5217 220 517
2335 5137 235 517
3219 5217 319 517
3736 5137 376 517
4218 5217 418 517
1835 5138 185 518
2599 5198 259 518
2959 5918 259 518
2936 5138 296 518
4037 5138 407 518
1973 5919 173 519
3946 5919 346 519
1904 9520 104 520
1330 5320 130 520
1630 6520 130 520
1760 5720 160 520
1469 4520 169 520
2608 6520 208 520
2750 5720 250 520
2960 5920 260 520
2816 5120 286 520
2486 4520 286 520
3325 5320 325 520
3740 5720 340 520
4730 5720 430 520
1974 5922 174 522
2961 5922 261 522
3948 5922 348 522
4935 5922 435 522
1331 5324 131 524
1316 5264 131 524
1631 6524 131 524
2962 5924 262 524
1059 5295 105 525
1905 9525 105 525
1240 5425 120 525
1720 7525 120 525
1208 5285 120 525
1547 5525 147 525
1477 5275 147 525
1975 5925 175 525
2130 5325 210 525
2106 5265 210 525
2610 6525 210 525
3536 5525 336 525
3376 5275 336 525
3950 5925 350 525
2963 5926 263 526
1655 5627 155 527
2648 5627 248 527
2488 5287 248 527
3641 5627 341 527
4634 5627 434 527
1332 5328 132 528
1632 6528 132 528
1976 5928 176 528
2331 5328 231 528
2649 5298 264 528
2964 5928 264 528
3330 5328 330 528
3952 5928 352 528
4329 5328 429 528
4940 5928 440 528
1115 5129 115 529
3122 5129 322 529
1906 9530 106 530
1870 5830 170 530
2132 5330 212 530
2612 6530 212 530
2860 5830 260 530
2695 5390 265 530
2965 5930 265 530
3850 5830 350 530
3731 5330 371 530
4840 5830 440 530
1198 5391 118 531
1797 5391 177 531
1977 5931 177 531
2396 5391 236 531
2995 5391 295 531
3594 5391 354 531
3954 5931 354 531
4193 5391 413 531
4792 5391 472 531
1333 5332 133 532
1633 6532 133 532
1940 5432 190 532
2696 5392 266 532
2966 5932 266 532
3064 5362 304 532
1644 5343 164 533
1764 5733 164 533
1798 5394 178 534
1978 5934 178 534
2697 5394 267 534
2967 5934 267 534
3596 5394 356 534
3956 5934 356 534
4495 5394 445 534
4945 5934 445 534
1079 5395 107 535
1907 9535 107 535
2134 5335 214 535
2146 5365 214 535
2614 6535 214 535
1334 5336 134 536
1634 6536 134 536
1349 5396 134 536
2698 5396 268 536
2968 5936 268 536
3335 5336 335 536
1799 5397 179 537
1979 5937 179 537
3598 5397 358 537
3958 5937 358 537
2699 5398 269 538
2969 5938 269 538
1443 5439 143 539
2442 5439 242 539
3068 5369 308 539
3441 5439 341 539
4440 5439 440 539
1098 5490 108 540
1908 9540 108 540
1335 5340 135 540
1365 5460 135 540
1635 6540 135 540
1980 5940 180 540
2136 5340 216 540
2616 6540 216 540
2196 5490 216 540
2970 5940 270 540
2937 5340 297 540
2497 4540 297 540
3294 5490 324 540
3960 5940 360 540
3738 5340 378 540
4392 5490 432 540
4950 5940 450 540
4539 5340 459 540
2971 5942 271 542
1981 5943 181 543
3962 5943 362 543
1162 5644 112 544
1127 5474 112 544
1336 5344 136 544
1366 5464 136 544
1636 6544 136 544
1660 5644 160 544
1837 5344 187 544
2338 5344 238 544
2656 5644 256 544
2576 5474 256 544
2972 5944 272 544
2839 5344 289 544
3340 5344 340 544
3652 5644 352 544
4342 5344 442 544
4648 5644 448 544
1099 5495 109 545
1909 9545 109 545
2138 5345 218 545
2186 5465 218 545
2618 6545 218 545
2198 5495 218 545
3297 5495 327 545
4396 5495 436 545
1768 5746 168 546
1688 5486 168 546
1982 5946 182 546
1945 5446 195 546
2973 5946 273 546
3757 5746 357 546
3587 5486 357 546
3964 5946 364 546
4955 5946 455 546
1337 5348 137 548
1367 5468 137 548
1637 6548 137 548
2749 5498 274 548
2974 5948 274 548
1424 5429 144 549
1983 5949 183 549
2225 5429 225 549
3026 5429 306 549
3966 5949 366 549
3827 5429 387 549
4628 5429 468 549
1190 5950 110 550
1910 9550 110 550
1554 5550 154 550
2260 5650 220 550
2620 6550 220 550
2553 5550 253 550
2795 5590 275 550
2975 5950 275 550
3552 5550 352 550
4551 5550 451 550
1120 5152 120 552
1383 5532 138 552
1338 5352 138 552
1638 6552 138 552
1398 5592 138 552
1984 5952 184 552
2097 5592 207 552
2128 5152 228 552
2796 5592 276 552
2976 5952 276 552
3136 5152 336 552
3345 5352 345 552
3495 5592 345 552
3968 5952 368 552
4194 5592 414 552
4144 5152 444 552
4960 5952 460 552
4893 5592 483 552
1598 5593 158 553
2397 5593 237 553
3196 5593 316 553
3995 5593 395 553
4794 5593 474 553
2797 5594 277 554
2977 5954 277 554
1119 5595 111 555
1191 5955 111 555
1911 9555 111 555
1985 5955 185 555
2226 5565 222 555
2262 5655 222 555
2622 6555 222 555
3970 5955 370 555
1339 5356 139 556
1639 6556 139 556
1399 5596 139 556
2798 5596 278 556
2978 5956 278 556
4197 5596 417 556
1513 5518 153 558
1986 5958 186 558
2314 5518 234 558
2799 5598 279 558
2979 5958 279 558
3115 5518 315 558
3972 5958 372 558
3916 5518 396 558
4965 5958 465 558
4717 5518 477 558
1772 5759 172 559
1192 5960 112 560
1912 9560 112 560
1139 5360 119 560
1819 8560 119 560
1248 5460 128 560
1728 7560 128 560
1340 5360 140 560
1640 6560 140 560
1490 5960 140 560
1482 4560 182 560
1872 5760 182 560
2700 7560 200 560
2264 5660 224 560
2624 6560 224 560
2345 5360 245 560
2485 5680 245 560
2980 5960 280 560
3058 5560 308 560
3608 6560 308 560
3350 5360 350 560
3962 5660 392 560
4355 5360 455 560
1022 5621 102 561
1665 5661 165 561
1897 5691 187 561
1987 5961 187 561
2664 5661 264 561
3663 5661 363 561
3794 5691 374 561
3974 5961 374 561
4662 5661 462 561
2981 5962 281 562
1232 5264 132 564
1341 5364 141 564
1416 5664 141 564
1641 6564 141 564
1491 5964 141 564
1898 5694 188 564
1988 5964 188 564
2240 5264 240 564
2982 5964 282 564
3248 5264 348 564
3796 5694 376 564
3976 5964 376 564
4256 5264 456 564
4970 5964 470 564
1139 5695 113 565
1193 5965 113 565
1913 9565 113 565
2266 5665 226 565
2626 6565 226 565
2983 5966 283 566
1899 5697 189 567
1989 5967 189 567
3798 5697 378 567
3978 5967 378 567
1342 5368 142 568
1642 6568 142 568
1492 5968 142 568
2849 5698 284 568
2984 5968 284 568
3355 5368 355 568
1194 5970 114 570
1914 9570 114 570
1393 5970 133 570
1592 5970 152 570
1791 5970 171 570
1990 5970 190 570
2268 5670 228 570
2628 6570 228 570
2895 5790 285 570
2985 5970 285 570
3980 5970 380 570
3969 5670 399 570
4975 5970 475 570
1044 5742 104 572
1433 5732 143 572
1343 5372 143 572
1643 6572 143 572
1493 5972 143 572
1776 5772 176 572
2775 5772 275 572
2896 5792 286 572
2986 5972 286 572
3774 5772 374 572
4773 5772 473 572
1991 5973 191 573
3982 5973 382 573
2055 5754 205 574
2705 7574 205 574
2897 5794 287 574
2987 5974 287 574
1159 5795 115 575
1195 5975 115 575
1915 9575 115 575
1125 5175 125 575
1561 5575 161 575
1617 5775 161 575
2306 5765 230 575
2630 6575 230 575
2390 5975 230 575
3150 5175 350 575
3568 5575 368 575
1434 5736 144 576
1344 5376 144 576
1644 6576 144 576
1449 5796 144 576
1494 5976 144 576
1992 5976 192 576
2490 5976 240 576
2352 5376 252 576
2527 5776 252 576
2898 5796 288 576
2988 5976 288 576
3360 5376 360 576
3984 5976 384 576
4368 5376 468 576
4980 5976 480 576
1169 5678 119 578
1670 5678 170 578
2672 5678 272 578
2899 5798 289 578
2989 5978 289 578
3674 5678 374 578
4676 5678 476 578
1993 5979 193 579
3986 5979 386 579
1196 5980 116 580
1916 9580 116 580
1345 5380 145 580
1465 5860 145 580
1645 6580 145 580
1495 5980 145 580
1794 5980 174 580
2093 5980 203 580
2332 5830 232 580
2632 6580 232 580
2392 5980 232 580
2691 5980 261 580
2990 5980 290 580
3619 6580 319 580
3179 5780 319 580
4606 6580 406 580
3332 5831 332 581
1994 5982 194 582
2991 5982 291 582
3988 5982 388 582
4985 5982 485 582
1066 5863 106 583
1887 5883 187 583
2665 5863 265 583
2886 5883 286 583
3885 5883 385 583
4264 5863 424 583
4884 5883 484 583
1346 5384 146 584
1466 5864 146 584
1646 6584 146 584
1496 5984 146 584
2992 5984 292 584
3365 5384 365 584
3665 5864 365 584
1179 5895 117 585
1197 5985 117 585
1917 9585 117 585
1596 5985 156 585
1780 5785 180 585
1995 5985 195 585
2334 5835 234 585
2346 5865 234 585
2634 6585 234 585
2394 5985 234 585
2793 5985 273 585
3192 5985 312 585
3591 5985 351 585
3990 5985 390 585
2993 5986 293 586
1347 5388 147 588
1467 5868 147 588
1647 6588 147 588
1497 5988 147 588
1456 5488 156 588
1996 5988 196 588
2710 7588 210 588
2495 5988 245 588
2464 5488 264 588
2949 5898 294 588
2994 5988 294 588
3336 5838 336 588
3493 5988 343 588
3472 5488 372 588
3992 5988 392 588
4491 5988 441 588
4480 5488 480 588
4990 5988 490 588
2457 5859 247 589
4158 5859 418 589
1198 5990 118 590
1918 9590 118 590
1797 5990 177 590
2636 6590 236 590
2396 5990 236 590
2995 5990 295 590
3594 5990 354 590
4613 6590 413 590
4193 5990 413 590
4792 5990 472 590
5391 5990 531 590
1997 5991 197 591
3994 5991 394 591
1483 5932 148 592
1348 5392 148 592
1648 6592 148 592
1498 5992 148 592
2359 5392 259 592
2996 5992 296 592
3370 5392 370 592
4494 5992 444 592
4381 5392 481 592
1088 5984 108 594
1998 5994 198 594
2997 5994 297 594
3996 5994 396 594
4995 5994 495 594
1199 5995 119 595
1919 9595 119 595
1736 7595 136 595
1368 5985 136 595
1675 5695 175 595
2386 5965 238 595
2638 6595 238 595
2398 5995 238 595
2680 5695 280 595
3597 5995 357 595
3685 5695 385 595
4796 5995 476 595
4690 5695 490 595
1649 6596 149 596
1499 5996 149 596
2998 5996 298 596
4497 5996 447 596
1999 5997 199 597
3998 5997 398 597
1130 5198 130 598
1824 5928 184 598
1784 5798 184 598
2147 5198 247 598
2999 5998 299 598
3164 5198 364 598
3791 5798 391 598
4181 5198 481 598
1920 9600 120 600
1650 6600 150 600
1568 5600 168 600
1495 4600 195 600
2640 6600 240 600
2576 5600 276 600
3630 6600 330 600
3584 5600 384 600
4620 6600 420 600
4592 5600 492 600
5610 6600 510 600
1972 6902 172 602
2215 6202 215 602
2165 6062 215 602
2715 7602 215 602
2958 6902 258 602
3464 6062 344 602
3944 6902 344 602
4930 6902 430 602
4763 6062 473 602
5916 6902 516 602
1516 6064 151 604
1651 6604 151 604
1110 6105 110 605
1219 6095 121 605
1921 9605 121 605
2109 6105 209 605
2426 6065 242 605
2642 6605 242 605
3108 6105 308 605
4107 6105 407 605
5106 6105 506 605
1328 6308 128 608
1652 6608 152 608
2324 6308 224 608
2646 6048 266 608
3049 6098 304 608
3320 6308 320 608
4316 6308 416 608
4347 6048 437 608
5312 6308 512 608
1974 6909 174 609
2431 6409 231 609
2961 6909 261 609
3468 6069 348 609
3948 6909 348 609
4420 6409 420 609
4935 6909 435 609
5922 6909 522 609
1922 9610 122 610
1760 6710 160 610
2464 6160 244 610
2644 6610 244 610
2750 6710 250 610
3095 6190 305 610
3740 6710 340 610
4627 6610 427 610
4730 6710 430 610
5720 6710 520 610
1533 6132 153 612
1653 6612 153 612
3096 6192 306 612
3097 6194 307 614
1239 6195 123 615
1923 9615 123 615
2466 6165 246 615
2646 6615 246 615
1112 6116 112 616
1221 6216 121 616
1534 6136 154 616
1654 6616 154 616
1549 6196 154 616
1976 6916 176 616
2220 6216 220 616
2720 7616 220 616
2964 6916 264 616
3098 6196 308 616
3219 6216 319 616
3952 6916 352 616
3614 6116 364 616
3835 6136 385 616
4218 6216 418 616
4940 6916 440 616
5217 6216 517 616
5928 6916 528 616
3099 6198 309 618
1924 9620 124 620
1565 6260 155 620
1655 6620 155 620
1870 6820 170 620
2648 6620 248 620
2860 6820 260 620
3421 6220 341 620
3641 6620 341 620
3850 6820 350 620
4634 6620 434 620
4840 6820 440 620
5627 6620 527 620
5830 6820 530 620
1398 6291 138 621
2097 6291 207 621
2796 6291 276 621
3495 6291 345 621
4194 6291 414 621
4893 6291 483 621
5592 6291 552 621
1798 6293 178 623
1978 6923 178 623
2697 6293 267 623
2967 6923 267 623
3596 6293 356 623
3956 6923 356 623
4495 6293 445 623
4945 6923 445 623
5394 6293 534 623
5934 6923 534 623
1049 6294 104 624
1566 6264 156 624
1656 6624 156 624
1912 6214 192 624
2098 6294 208 624
2723 6224 273 624
4196 6294 416 624
1060 6625 100 625
1259 6295 125 625
1925 9625 125 625
1715 6125 175 625
1575 5625 175 625
1757 6275 175 625
2530 6325 250 625
2506 6265 250 625
2650 6625 250 625
1114 6127 114 627
1134 6237 114 627
1332 6327 132 627
2099 6297 209 627
2331 6327 231 627
2835 6237 285 627
3330 6327 330 627
4198 6297 418 627
4329 6327 429 627
4536 6237 456 627
5328 6327 528 627
1567 6268 157 628
1657 6628 157 628
3149 6298 314 628
1835 6239 185 629
2936 6239 296 629
4037 6239 407 629
5138 6239 518 629
1926 9630 126 630
1424 6230 144 630
1744 7630 144 630
1980 6930 180 630
2225 6230 225 630
2275 6370 225 630
2725 7630 225 630
2532 6330 252 630
2652 6630 252 630
2970 6930 270 630
3026 6230 306 630
3706 7630 306 630
3195 6390 315 630
3960 6930 360 630
3827 6230 387 630
4431 6330 441 630
4641 6630 441 630
4950 6930 450 630
4628 6230 468 630
5940 6930 540 630
5429 6230 549 630
1583 6332 158 632
1658 6632 158 632
1598 6392 158 632
2397 6392 237 632
3196 6392 316 632
3995 6392 395 632
4794 6392 474 632
5593 6392 553 632
3197 6394 317 634
1279 6395 127 635
1927 9635 127 635
2534 6335 254 635
2546 6365 254 635
2654 6635 254 635
1659 6636 159 636
1599 6396 159 636
3198 6396 318 636
4797 6396 477 636
1982 6937 182 637
1956 6357 196 637
2973 6937 273 637
3964 6937 364 637
4955 6937 455 637
5946 6937 546 637
1116 6138 116 638
1156 6358 116 638
1443 6438 143 638
2442 6438 242 638
3199 6398 319 638
3441 6438 341 638
3757 6358 377 638
4440 6438 440 638
5439 6438 539 638
1513 6319 153 639
2314 6319 234 639
3115 6319 315 639
3916 6319 396 639
4717 6319 477 639
5518 6319 558 639
1162 6640 112 640
1298 6490 128 640
1928 9640 128 640
1326 6240 136 640
1836 8640 136 640
1660 6640 160 640
2028 6240 208 640
2808 8640 208 640
2536 6340 256 640
2656 6640 256 640
2596 6490 256 640
3542 6440 352 640
3652 6640 352 640
3894 6490 384 640
4438 6340 448 640
4648 6640 448 640
5192 6490 512 640
5644 6640 544 640
1661 6644 161 644
1984 6944 184 644
2230 6244 230 644
2305 6454 230 644
2730 7644 230 644
2976 6944 276 644
3968 6944 368 644
4237 6244 437 644
4960 6944 460 644
5952 6944 552 644
1299 6495 129 645
1929 9645 129 645
2538 6345 258 645
2586 6465 258 645
2658 6645 258 645
2598 6495 258 645
3897 6495 387 645
5196 6495 516 645
1323 6426 133 646
1336 6346 136 646
1837 6346 187 646
2338 6346 238 646
2839 6346 289 646
3024 6426 304 646
3340 6346 340 646
4342 6346 442 646
4725 6426 475 646
5344 6346 544 646
1662 6648 162 648
3249 6498 324 648
1118 6149 118 649
1178 6479 118 649
1554 6549 154 649
2553 6549 253 649
3552 6549 352 649
4551 6549 451 649
5550 6549 550 649
1064 6650 104 650
1390 6950 130 650
1930 9650 130 650
1463 6650 143 650
1582 5650 182 650
1862 6650 182 650
2261 6650 221 650
2660 6650 260 650
2599 5650 299 650
3295 6590 325 650
4655 6650 455 650
1986 6951 186 651
2197 6591 217 651
2743 6541 273 651
2873 6851 273 651
2979 6951 279 651
3732 6531 372 651
3972 6951 372 651
4394 6591 434 651
4642 6541 462 651
4862 6851 462 651
4965 6951 465 651
5958 6951 558 651
1663 6652 163 652
3296 6592 326 652
1099 6594 109 654
2198 6594 218 654
3297 6594 327 654
4396 6594 436 654
5495 6594 545 654
1319 6595 131 655
1391 6955 131 655
1931 9655 131 655
2662 6655 262 655
1664 6656 164 656
2877 6576 287 656
3298 6596 328 656
4160 6656 410 656
2199 6597 219 657
4398 6597 438 657
1491 6958 141 658
1988 6958 188 658
2235 6258 235 658
2335 6538 235 658
2735 7658 235 658
2982 6958 282 658
3299 6598 329 658
3736 6538 376 658
3976 6958 376 658
4970 6958 470 658
5137 6538 517 658
5964 6958 564 658
1120 6160 120 660
1392 6960 132 660
1932 9660 132 660
1665 6660 165 660
2128 6160 228 660
2664 6660 264 660
3136 6160 336 660
3663 6660 363 660
4144 6160 444 660
4662 6660 462 660
5152 6160 552 660
5661 6660 561 660
2044 6643 204 663
3112 6613 312 663
1666 6664 166 664
4165 6664 415 664
1194 6965 114 665
1139 6365 119 665
1339 6695 133 665
1393 6965 133 665
1933 9665 133 665
1340 6365 140 665
1512 6615 152 665
1752 7665 152 665
1528 6685 152 665
1592 6965 152 665
1791 6965 171 665
1990 6965 190 665
2345 6365 245 665
2666 6665 266 665
2985 6965 285 665
3213 6615 323 665
3723 7665 323 665
3350 6365 350 665
3980 6965 380 665
4355 6365 455 665
4975 6965 475 665
4914 6615 494 665
5360 6365 560 665
5970 6965 570 665
1445 6647 145 667
2453 6467 253 667
4046 6647 406 667
4460 6467 460 667
1667 6668 167 668
3349 6698 334 668
1394 6970 134 670
1934 9670 134 670
2091 6970 201 670
2901 9670 201 670
2668 6670 268 670
3395 6790 335 670
4669 6670 469 670
1122 6171 122 671
1222 6721 122 671
1776 6771 176 671
2775 6771 275 671
3774 6771 374 671
4773 6771 473 671
5772 6771 572 671
1055 6752 105 672
1232 6272 132 672
1494 6972 144 672
1683 6732 168 672
1668 6672 168 672
1698 6792 168 672
1992 6972 192 672
2240 6272 240 672
2740 7672 240 672
2490 6972 240 672
2988 6972 288 672
2954 6752 294 672
3396 6792 336 672
3248 6272 348 672
3864 6762 384 672
3984 6972 384 672
4256 6272 456 672
4980 6972 480 672
4853 6752 483 672
5094 6792 504 672
5264 6272 564 672
5976 6972 576 672
3397 6794 337 674
1068 6675 108 675
1359 6795 135 675
1395 6975 135 675
1935 9675 135 675
1589 5675 189 675
1869 6675 189 675
1897 6775 189 675
2706 6765 270 675
2670 6675 270 675
2790 6975 270 675
1669 6676 169 676
1699 6796 169 676
2088 6786 208 676
3398 6796 338 676
5097 6796 507 676
3399 6798 339 678
1994 6979 194 679
2991 6979 291 679
3868 6769 388 679
3988 6979 388 679
4985 6979 485 679
5982 6979 582 679
1169 6680 119 680
1396 6980 136 680
1936 9680 136 680
1670 6680 170 680
2094 6980 204 680
2904 9680 204 680
2821 8680 221 680
2732 6830 272 680
2672 6680 272 680
2792 6980 272 680
3490 6980 340 680
3674 6680 374 680
3784 6880 374 680
4676 6680 476 680
5678 6680 578 680
2297 6891 227 681
4594 6891 454 681
1124 6182 124 682
1244 6842 124 682
1887 6882 187 682
2886 6882 286 682
3491 6982 341 682
3885 6882 385 682
4043 6842 403 682
4884 6882 484 682
5883 6882 583 682
1149 6894 114 684
1344 6384 144 684
1716 6864 171 684
1671 6684 171 684
2298 6894 228 684
2352 6384 252 684
3492 6984 342 684
3360 6384 360 684
4596 6894 456 684
4368 6384 468 684
5376 6384 576 684
1379 6895 137 685
1397 6985 137 685
1937 9685 137 685
2734 6835 274 685
2746 6865 274 685
2674 6685 274 685
2794 6985 274 685
4191 6985 411 685
1497 6986 147 686
1996 6986 196 686
2245 6286 245 686
2445 6846 245 686
2745 7686 245 686
2495 6986 245 686
2994 6986 294 686
3493 6986 343 686
3992 6986 392 686
4491 6986 441 686
4990 6986 490 686
5988 6986 588 686
2299 6897 229 687
4598 6897 458 687
1672 6688 172 688
3801 8688 301 688
3449 6898 344 688
3494 6988 344 688
1398 6990 138 690
1938 9690 138 690
2097 6990 207 690
2907 9690 207 690
2676 6690 276 690
2796 6990 276 690
3495 6990 345 690
4194 6990 414 690
4683 6690 483 690
4893 6990 483 690
5592 6990 552 690
6291 6990 621 690
1733 6932 173 692
1673 6692 173 692
3496 6992 346 692
1126 6193 126 693
1266 6963 126 693
1998 6993 198 693
2997 6993 297 693
3165 6963 315 693
3996 6993 396 693
4995 6993 495 693
5064 6963 504 693
5994 6993 594 693
3497 6994 347 694
1399 6995 139 695
1939 9695 139 695
2786 6965 278 695
2678 6695 278 695
2798 6995 278 695
4197 6995 417 695
5596 6995 556 695
1456 6496 156 696
1734 6936 174 696
1674 6696 174 696
1749 6996 174 696
2464 6496 264 696
3498 6996 348 696
3472 6496 372 696
4335 6936 435 696
4480 6496 480 696
5488 6496 588 696
3288 6987 328 697
3499 6998 349 698
1940 9700 140 700
1760 7700 160 700
1765 7060 175 700
1675 6700 175 700
1975 7900 175 700
1596 5700 196 700
2910 9700 210 700
2750 7700 250 700
2680 6700 280 700
3740 7700 340 700
3950 7900 350 700
3685 6700 385 700
4730 7700 430 700
4690 6700 490 700
5720 7700 520 700
5925 7900 525 700
5695 6700 595 700
6710 7700 610 700
2216 7202 216 702
2176 7072 216 702
3951 7902 351 702
1110 7104 110 704
1328 7304 128 704
1288 7084 128 704
1766 7064 176 704
1676 6704 176 704
1976 7904 176 704
2109 7104 209 704
2324 7304 224 704
2964 7904 264 704
3108 7104 308 704
3808 8704 308 704
3320 7304 320 704
3952 7904 352 704
4107 7104 407 704
4316 7304 416 704
4186 7084 416 704
4940 7904 440 704
5106 7104 506 704
5312 7304 512 704
5928 7904 528 704
6105 7104 605 704
6308 7304 608 704
6916 7904 616 704
1419 7095 141 705
1941 9705 141 705
2826 7065 282 705
2682 6705 282 705
3953 7906 353 706
1767 7068 177 708
1677 6708 177 708
1977 7908 177 708
3549 7098 354 708
3954 7908 354 708
5931 7908 531 708
1942 9710 142 710
1870 7810 170 710
2913 9710 213 710
2860 7810 260 710
2864 7160 284 710
2684 6710 284 710
3850 7810 350 710
3595 7190 355 710
3955 7910 355 710
4840 7810 440 710
4697 6710 497 710
5830 7810 530 710
6820 7810 620 710
1598 7191 158 711
2397 7191 237 711
3196 7191 316 711
3995 7191 395 711
4794 7191 474 711
5593 7191 553 711
6392 7191 632 711
1783 7132 178 712
1678 6712 178 712
1798 7192 178 712
1978 7912 178 712
2697 7192 267 712
2967 7912 267 712
3596 7192 356 712
3956 7912 356 712
4495 7192 445 712
4945 7912 445 712
5394 7192 534 712
5934 7912 534 712
6293 7192 623 712
6923 7912 623 712
1555 7153 155 713
1655 7613 155 713
2648 7613 248 713
3641 7613 341 713
4354 7153 434 713
4634 7613 434 713
5627 7613 527 713
6620 7613 620 713
1199 7194 119 714
1547 7514 147 714
1477 7174 147 714
2398 7194 238 714
2555 7154 255 714
2755 7714 255 714
3536 7514 336 714
3376 7174 336 714
3597 7194 357 714
3957 7914 357 714
4796 7194 476 714
5525 7514 525 714
5275 7174 525 714
5995 7194 595 714
1221 7215 121 715
1330 7315 130 715
1439 7195 143 715
1943 9715 143 715
2220 7215 220 715
2866 7165 286 715
2686 6715 286 715
3219 7215 319 715
3325 7315 325 715
4218 7215 418 715
5217 7215 517 715
5320 7315 520 715
6216 7215 616 715
1679 6716 179 716
1799 7196 179 716
1979 7916 179 716
3598 7196 358 716
3958 7916 358 716
5397 7196 537 716
5937 7916 537 716
2399 7197 239 717
4798 7197 478 717
3599 7198 359 718
3959 7918 359 718
1944 9720 144 720
1513 7120 153 720
1853 8720 153 720
1830 7320 180 720
1680 6720 180 720
1980 7920 180 720
2916 9720 216 720
2314 7120 234 720
2834 8720 234 720
2970 7920 270 720
2688 6720 288 720
3115 7120 315 720
3185 7280 315 720
3815 8720 315 720
3960 7920 360 720
3916 7120 396 720
3696 6720 396 720
4950 7920 450 720
4717 7120 477 720
5940 7920 540 720
5518 7120 558 720
6930 7920 630 720
6319 7120 639 720
1033 7231 103 721
4132 7231 412 721
3961 7922 361 722
1831 7324 181 724
1816 7264 181 724
1681 6724 181 724
1981 7924 181 724
3962 7924 362 724
5943 7924 543 724
1459 7295 145 725
1945 9725 145 725
2023 7225 203 725
2037 7275 203 725
2930 7325 290 725
2906 7265 290 725
2690 6725 290 725
4624 7225 464 725
1312 7216 132 726
1332 7326 132 726
2331 7326 231 726
3330 7326 330 726
3963 7926 363 726
4329 7326 429 726
5328 7326 528 726
6327 7326 627 726
1034 7238 104 728
1832 7328 182 728
1682 6728 182 728
1982 7928 182 728
2224 7228 224 728
2760 7728 260 728
2973 7928 273 728
3649 7298 364 728
3964 7928 364 728
4136 7238 416 728
4955 7928 455 728
4726 7228 476 728
5946 7928 546 728
6937 7928 637 728
1946 9730 146 730
2919 9730 219 730
2932 7330 292 730
2692 6730 292 730
3695 7390 365 730
3965 7930 365 730
5131 7330 511 730
2165 7361 215 731
3544 7531 344 731
3464 7361 344 731
4763 7361 473 731
6062 7361 602 731
1833 7332 183 732
1983 7932 183 732
3696 7392 366 732
3966 7932 366 732
5949 7932 549 732
3697 7394 367 734
3967 7934 367 734
1479 7395 147 735
1947 9735 147 735
1768 7735 168 735
1688 7385 168 735
2934 7335 294 735
2946 7365 294 735
2694 6735 294 735
3757 7735 357 735
3587 7385 357 735
5746 7735 546 735
5486 7385 546 735
1162 7636 112 736
1115 7136 115 736
1660 7636 160 736
1834 7336 184 736
1684 6736 184 736
1849 7396 184 736
1984 7936 184 736
2656 7636 256 736
2976 7936 276 736
3122 7136 322 736
3227 7376 322 736
3822 8736 322 736
3652 7636 352 736
3698 7396 368 736
3968 7936 368 736
4648 7636 448 736
4960 7936 460 736
5129 7136 529 736
5644 7636 544 736
5952 7936 552 736
6640 7636 640 736
6944 7936 644 736
1334 7337 134 737
1443 7437 143 737
2442 7437 242 737
3335 7337 335 737
3441 7437 341 737
4440 7437 440 737
5336 7337 536 737
5439 7437 539 737
6438 7437 638 737
3699 7398 369 738
3969 7938 369 738
1191 7940 111 740
1498 7490 148 740
1948 9740 148 740
1835 7340 185 740
1865 7460 185 740
1685 6740 185 740
1985 7940 185 740
2922 9740 222 740
2936 7340 296 740
2696 6740 296 740
2996 7490 296 740
3970 7940 370 740
4037 7340 407 740
4807 8740 407 740
4494 7490 444 740
5138 7340 518 740
5955 7940 555 740
5992 7490 592 740
6239 7340 629 740
2228 7241 228 741
2497 7491 247 741
4994 7491 494 741
1066 7462 106 742
2665 7462 265 742
2765 7742 265 742
3971 7942 371 742
4264 7462 424 742
5863 7462 583 742
1249 7494 124 744
1836 7344 186 744
1866 7464 186 744
1686 6744 186 744
1986 7944 186 744
2498 7494 248 744
2979 7944 279 744
3972 7944 372 744
4665 7464 465 744
4965 7944 465 744
4996 7494 496 744
5958 7944 558 744
6951 7944 651 744
1499 7495 149 745
1949 9745 149 745
2938 7345 298 745
2986 7465 298 745
2698 6745 298 745
2998 7495 298 745
4497 7495 447 745
5996 7495 596 745
3973 7946 373 746
2499 7497 249 747
4998 7497 498 747
1336 7348 136 748
1356 7458 136 748
1554 7548 154 748
1837 7348 187 748
1867 7468 187 748
1687 6748 187 748
1987 7948 187 748
2338 7348 238 748
2553 7548 253 748
2839 7348 289 748
3340 7348 340 748
3552 7548 352 748
3749 7498 374 748
3974 7948 374 748
4342 7348 442 748
4551 7548 451 748
5344 7348 544 748
5550 7548 550 748
5961 7948 561 748
6346 7348 646 748
6549 7548 649 748
1067 7469 107 749
4268 7469 428 749
1590 7950 150 750
1950 9750 150 750
2170 7750 210 750
2925 9750 225 750
3060 7650 300 750
3900 9750 300 750
3795 7590 375 750
3975 7950 375 750
1491 7952 141 752
1883 7532 188 752
1838 7352 188 752
1688 6752 188 752
1898 7592 188 752
1988 7952 188 752
2982 7952 282 752
3129 7152 329 752
3829 8752 329 752
3796 7592 376 752
3976 7952 376 752
4970 7952 470 752
5694 7592 564 752
5964 7952 564 752
6958 7952 658 752
2312 7514 232 754
2232 7254 232 754
3797 7594 377 754
3977 7954 377 754
4913 7514 493 754
1519 7595 151 755
1591 7955 151 755
1951 9755 151 755
3026 7565 302 755
3062 7655 302 755
3902 9755 302 755
1839 7356 189 756
1689 6756 189 756
1899 7596 189 756
1989 7956 189 756
2770 7756 270 756
3798 7596 378 756
3978 7956 378 756
5697 7596 567 756
5967 7956 567 756
3799 7598 379 758
3979 7958 379 758
1338 7359 138 759
1378 7579 138 759
1665 7659 165 759
2664 7659 264 759
3345 7359 345 759
3663 7659 363 759
4662 7659 462 759
5352 7359 552 759
5661 7659 561 759
6660 7659 660 759
1194 7960 114 760
1393 7960 133 760
1592 7960 152 760
1952 9760 152 760
1791 7960 171 760
1690 6760 190 760
1990 7960 190 760
2928 9760 228 760
2457 7560 247 760
2847 8760 247 760
2985 7960 285 760
3064 7660 304 760
3904 9760 304 760
3980 7960 380 760
4158 7560 418 760
4818 8760 418 760
4975 7960 475 760
5362 7660 532 760
5970 7960 570 760
5859 7560 589 760
6965 7960 665 760
3981 7962 381 762
1099 7693 109 763
2198 7693 218 763
3297 7693 327 763
4396 7693 436 763
5495 7693 545 763
6594 7693 654 763
1916 7664 191 764
1691 6764 191 764
1991 7964 191 764
3982 7964 382 764
5973 7964 573 764
1157 7565 117 765
1539 7695 153 765
1593 7965 153 765
1953 9765 153 765
1958 7565 198 765
2759 7565 279 765
3066 7665 306 765
3906 9765 306 765
3560 7565 360 765
3983 7966 383 766
2236 7267 236 767
2356 7657 236 767
1120 7168 120 768
1494 7968 144 768
1692 6768 192 768
1992 7968 192 768
2128 7168 228 768
2490 7968 240 768
2988 7968 288 768
3136 7168 336 768
3346 7648 336 768
3836 8768 336 768
3849 7698 384 768
3984 7968 384 768
4144 7168 444 768
4980 7968 480 768
5152 7168 552 768
5976 7968 576 768
6160 7168 660 768
6972 7968 672 768
1139 7370 119 770
1340 7370 140 770
1594 7970 154 770
1954 9770 154 770
1776 7770 176 770
2391 7970 231 770
2931 9770 231 770
2345 7370 245 770
2775 7770 275 770
3068 7670 308 770
3908 9770 308 770
3350 7370 350 770
3774 7770 374 770
3895 7790 385 770
3985 7970 385 770
4355 7370 455 770
4773 7770 473 770
5369 7670 539 770
5360 7370 560 770
5772 7770 572 770
6365 7370 665 770
6771 7770 671 770
2597 7791 257 771
5194 7791 514 771
1933 7732 193 772
1693 6772 193 772
1993 7972 193 772
3896 7792 386 772
3986 7972 386 772
5979 7972 579 772
1299 7794 129 774
2598 7794 258 774
3897 7794 387 774
3987 7974 387 774
5196 7794 516 774
6495 7794 645 774
1559 7795 155 775
1595 7975 155 775
1955 9775 155 775
2177 7775 217 775
3106 7765 310 775
3190 7975 310 775
3910 9775 310 775
4976 7775 496 775
1934 7736 194 776
1694 6776 194 776
1949 7796 194 776
1994 7976 194 776
2991 7976 291 776
3898 7796 388 776
3988 7976 388 776
4835 7736 485 776
4985 7976 485 776
5982 7976 582 776
6979 7976 679 776
2599 7797 259 777
5198 7797 518 777
3899 7798 389 778
3989 7978 389 778
2646 7749 266 779
4347 7749 437 779
6048 7749 608 779
1197 7980 117 780
1232 7280 132 780
1596 7980 156 780
1956 9780 156 780
1965 7860 195 780
1695 6780 195 780
1995 7980 195 780
2394 7980 234 780
2934 9780 234 780
2240 7280 240 780
2793 7980 273 780
3132 7830 312 780
3192 7980 312 780
3912 9780 312 780
3248 7280 348 780
3591 7980 351 780
3990 7980 390 780
4279 7780 429 780
4829 8780 429 780
4256 7280 456 780
5264 7280 564 780
5985 7980 585 780
6272 7280 672 780
1422 7821 142 781
1342 7381 142 781
1887 7881 187 781
2886 7881 286 781
3355 7381 355 781
3885 7881 385 781
4884 7881 484 781
5368 7381 568 781
5883 7881 583 781
6882 7881 682 781
1169 7682 119 782
1561 7582 161 782
1670 7682 170 782
2672 7682 272 782
3568 7582 368 782
3674 7682 374 782
3991 7982 391 782
4676 7682 476 782
5575 7582 575 782
5678 7682 578 782
6680 7682 680 782
1497 7984 147 784
1966 7864 196 784
1696 6784 196 784
1996 7984 196 784
2495 7984 245 784
2805 7854 280 784
2780 7784 280 784
2994 7984 294 784
3143 7184 343 784
3423 7824 343 784
3843 8784 343 784
3493 7984 343 784
3992 7984 392 784
4491 7984 441 784
4990 7984 490 784
5988 7984 588 784
6986 7984 686 784
1579 7895 157 785
1597 7985 157 785
1957 9785 157 785
3134 7835 314 785
3146 7865 314 785
3194 7985 314 785
3914 9785 314 785
4791 7985 471 785
3993 7986 393 786
1967 7868 197 788
1697 6788 197 788
1997 7988 197 788
3949 7898 394 788
3994 7988 394 788
5991 7988 591 788
1598 7990 158 790
1958 9790 158 790
2397 7990 237 790
2937 9790 237 790
3196 7990 316 790
3916 9790 316 790
3995 7990 395 790
4794 7990 474 790
5593 7990 553 790
6392 7990 632 790
7191 7990 711 790
1133 7931 113 791
4532 7931 452 791
1344 7392 144 792
1444 7942 144 792
1998 7992 198 792
2352 7392 252 792
2997 7992 297 792
3360 7392 360 792
3996 7992 396 792
4368 7392 468 792
4995 7992 495 792
5376 7392 576 792
5994 7992 594 792
6384 7392 684 792
6993 7992 693 792
2244 7293 244 793
2444 7943 244 793
3997 7994 397 794
1599 7995 159 795
1959 9795 159 795
3186 7965 318 795
3198 7995 318 795
3918 9795 318 795
4797 7995 477 795
6396 7995 636 795
1999 7996 199 796
3998 7996 398 796
5997 7996 597 796
1134 7938 114 798
2835 7938 285 798
2785 7798 285 798
3999 7998 399 798
4536 7938 456 798
6237 7938 627 798
2335 7939 235 799
3736 7939 376 799
3576 7599 376 799
5137 7939 517 799
6538 7939 658 799
1328 8300 128 800
1960 9800 160 800
1870 8800 170 800
2324 8300 224 800
2254 8050 224 800
2940 9800 240 800
2860 8800 260 800
3320 8300 320 800
3920 9800 320 800
3850 8800 350 800
4900 9800 400 800
4316 8300 416 800
4840 8800 440 800
5312 8300 512 800
5152 8050 512 800
5830 8800 530 800
6308 8300 608 800
6820 8800 620 800
7304 8300 704 800
7810 8800 710 800
1798 8091 178 801
1978 8901 178 801
2697 8091 267 801
2967 8901 267 801
3596 8091 356 801
3956 8901 356 801
4495 8091 445 801
4945 8901 445 801
5394 8091 534 801
5934 8901 534 801
6293 8091 623 801
6923 8901 623 801
7192 8091 712 801
7912 8901 712 801
4901 9802 401 802
1110 8103 110 803
1546 8503 146 803
1466 8063 146 803
2109 8103 209 803
3108 8103 308 803
3665 8063 365 803
4107 8103 407 803
5106 8103 506 803
5864 8063 584 803
6105 8103 605 803
7104 8103 704 803
1349 8094 134 804
2016 8064 201 804
2698 8094 268 804
2968 8904 268 804
4902 9804 402 804
5396 8094 536 804
5936 8904 536 804
1619 8095 161 805
1961 9805 161 805
1784 7805 184 805
1848 8085 184 805
3322 8305 322 805
3226 8065 322 805
3922 9805 322 805
3791 7805 391 805
5798 7805 598 805
1655 8606 155 806
2648 8606 248 806
2488 8086 248 806
3641 8606 341 806
4903 9806 403 806
4634 8606 434 806
5627 8606 527 806
5287 8086 527 806
6620 8606 620 806
7613 8606 713 806
2699 8097 269 807
2969 8907 269 807
5398 8097 538 807
5938 8907 538 807
4049 8098 404 808
4904 9808 404 808
1962 9810 162 810
1980 8910 180 810
2943 9810 243 810
2970 8910 270 810
3324 8310 324 810
3264 8160 324 810
3924 9810 324 810
3960 8910 360 810
4095 8190 405 810
4905 9810 405 810
4950 8910 450 810
5940 8910 540 810
6930 8910 630 810
7920 8910 720 810
1166 8162 116 812
2033 8132 203 812
2790 7812 290 812
4096 8192 406 812
4906 9812 406 812
4664 8162 464 812
2971 8913 271 813
5942 8913 542 813
1221 8214 121 814
1548 8514 148 814
1488 8184 148 814
2220 8214 220 814
3219 8214 319 814
4097 8194 407 814
4907 9814 407 814
4218 8214 418 814
5217 8214 517 814
6216 8214 616 814
7215 8214 715 814
1639 8195 163 815
1963 9815 163 815
3326 8315 326 815
3266 8165 326 815
3926 9815 326 815
2034 8136 204 816
2049 8196 204 816
2972 8916 272 816
3577 8176 357 816
3857 8816 357 816
3824 8126 384 816
4098 8196 408 816
4908 9816 408 816
5944 8916 544 816
1323 8127 133 817
3024 8127 304 817
4430 8417 430 817
4725 8127 475 817
6426 8127 646 817
4099 8198 409 818
4909 9818 409 818
1167 8169 117 819
1982 8919 182 819
2652 8619 252 819
2973 8919 273 819
3964 8919 364 819
4641 8619 441 819
4955 8919 455 819
4668 8169 468 819
5946 8919 546 819
6630 8619 630 819
6937 8919 637 819
7928 8919 728 819
1964 9820 164 820
2065 8260 205 820
2946 9820 246 820
3328 8320 328 820
3928 9820 328 820
4910 9820 410 820
4521 8220 451 820
4851 8820 451 820
2974 8922 274 822
4911 9822 411 822
5948 8922 548 822
2066 8264 206 824
4912 9824 412 824
5165 8264 515 824
1190 8925 110 825
1332 8325 132 825
1550 8525 150 825
1659 8295 165 825
1965 9825 165 825
2331 8325 231 825
2317 8275 231 825
2975 8925 275 825
3330 8325 330 825
3306 8265 330 825
3930 9825 330 825
4329 8325 429 825
5328 8325 528 825
5950 8925 550 825
6327 8325 627 825
7326 8325 726 825
2945 8246 295 826
2795 7826 295 826
4913 9826 413 826
1984 8928 184 828
2067 8268 207 828
2976 8928 276 828
3968 8928 368 828
4149 8298 414 828
4914 9828 414 828
4960 8928 460 828
5952 8928 552 828
6944 8928 644 828
7936 8928 736 828
1966 9830 166 830
2949 9830 249 830
3332 8330 332 830
3932 9830 332 830
4195 8390 415 830
4915 9830 415 830
5831 8330 581 830
2797 8391 277 831
2977 8931 277 831
5594 8391 554 831
5954 8931 554 831
1049 8392 104 832
1162 8632 112 832
1127 8372 112 832
1305 8352 130 832
1380 8832 130 832
1660 8632 160 832
2083 8332 208 832
2098 8392 208 832
2656 8632 256 832
2576 8372 256 832
3652 8632 352 832
3654 8352 364 832
3864 8832 364 832
4196 8392 416 832
4916 9832 416 832
4648 8632 448 832
5644 8632 544 832
5474 8372 544 832
6294 8392 624 832
6640 8632 640 832
7636 8632 736 832
1199 8393 119 833
2398 8393 238 833
3597 8393 357 833
3912 8313 392 833
4796 8393 476 833
5995 8393 595 833
7194 8393 714 833
1399 8394 139 834
2798 8394 278 834
2978 8934 278 834
4197 8394 417 834
4917 9834 417 834
5596 8394 556 834
5956 8934 556 834
6995 8394 695 834
1679 8395 167 835
1967 9835 167 835
3334 8335 334 835
3346 8365 334 835
3934 9835 334 835
5901 9835 501 835
1443 8436 143 836
1512 8316 152 836
1552 8536 152 836
2099 8396 209 836
2442 8436 242 836
3213 8316 323 836
3441 8436 341 836
4198 8396 418 836
4918 9836 418 836
4440 8436 440 836
4914 8316 494 836
5439 8436 539 836
6297 8396 627 836
6438 8436 638 836
6615 8316 665 836
7437 8436 737 836
1986 8937 186 837
2799 8397 279 837
2979 8937 279 837
3972 8937 372 837
4965 8937 465 837
5598 8397 558 837
5958 8937 558 837
6951 8937 651 837
7944 8937 744 837
4199 8398 419 838
4919 9838 419 838
1192 8940 112 840
1490 8940 140 840
1698 8490 168 840
1968 9840 168 840
1952 8540 192 840
1792 7840 192 840
2160 8640 210 840
2952 9840 252 840
2743 8440 273 840
2873 8840 273 840
2980 8940 280 840
3050 8540 300 840
3336 8340 336 840
3396 8490 336 840
3936 9840 336 840
4920 9840 420 840
4642 8440 462 840
4862 8840 462 840
5094 8490 504 840
5904 9840 504 840
5960 8940 560 840
5838 8340 588 840
6541 8440 651 840
6851 8840 651 840
6792 8490 672 840
4921 9842 421 842
2981 8943 281 843
5962 8943 562 843
2116 8464 211 844
2161 8644 211 844
4922 9844 422 844
1064 8645 104 845
1463 8645 143 845
1699 8495 169 845
1969 9845 169 845
1862 8645 182 845
2261 8645 221 845
2660 8645 260 845
3338 8345 338 845
3386 8465 338 845
3398 8495 338 845
3938 9845 338 845
4655 8645 455 845
5097 8495 507 845
5907 9845 507 845
6650 8645 650 845
6796 8495 676 845
1491 8946 141 846
1988 8946 188 846
2982 8946 282 846
3976 8946 376 846
4923 9846 423 846
4970 8946 470 846
5964 8946 564 846
6958 8946 658 846
7952 8946 752 846
1534 8437 154 847
1554 8547 154 847
2553 8547 253 847
3552 8547 352 847
3835 8437 385 847
4551 8547 451 847
5550 8547 550 847
6136 8437 616 847
6549 8547 649 847
7548 8547 748 847
2162 8648 212 848
3871 8848 371 848
4249 8498 424 848
4924 9848 424 848
2983 8949 283 849
5966 8949 566 849
1336 8350 136 850
1790 8950 170 850
1970 9850 170 850
1837 8350 187 850
2338 8350 238 850
2955 9850 255 850
2839 8350 289 850
3340 8350 340 850
3460 8650 340 850
3940 9850 340 850
4295 8590 425 850
4925 9850 425 850
4342 8350 442 850
5910 9850 510 850
5344 8350 544 850
6346 8350 646 850
7348 8350 748 850
2230 8251 230 851
4237 8251 437 851
6244 8251 644 851
1492 8952 142 852
2133 8532 213 852
2163 8652 213 852
2984 8952 284 852
4296 8592 426 852
4926 9852 426 852
5968 8952 568 852
3055 8554 305 854
4297 8594 427 854
4927 9854 427 854
1194 8955 114 855
1246 8455 126 855
1393 8955 133 855
1592 8955 152 855
1719 8595 171 855
1791 8955 171 855
1971 9855 171 855
1990 8955 190 855
2047 8455 207 855
2985 8955 285 855
2848 8455 288 855
3342 8355 342 855
3426 8565 342 855
3462 8655 342 855
3942 9855 342 855
3649 8455 369 855
3980 8955 380 855
4450 8455 450 855
4975 8955 475 855
5913 9855 513 855
5970 8955 570 855
6965 8955 665 855
7960 8955 760 855
2134 8536 214 856
2164 8656 214 856
2149 8596 214 856
4298 8596 428 856
4928 9856 428 856
5335 8536 535 856
1493 8958 143 858
1556 8558 156 858
1665 8658 165 858
2624 8528 264 858
2664 8658 264 858
2986 8958 286 858
3663 8658 363 858
4299 8598 429 858
4929 9858 429 858
4662 8658 462 858
5057 8558 507 858
5661 8658 561 858
5972 8958 572 858
6660 8658 660 858
7659 8658 759 858
1792 8960 172 860
1972 9860 172 860
2165 8660 215 860
2958 9860 258 860
3344 8360 344 860
3464 8660 344 860
3944 9860 344 860
4930 9860 430 860
4763 8660 473 860
4873 8860 473 860
5916 9860 516 860
6062 8660 602 860
6902 9860 602 860
7361 8660 731 860
1055 8651 105 861
1233 8631 123 861
2897 8691 287 861
2987 8961 287 861
2954 8651 294 861
4853 8651 483 861
4932 8631 492 861
5794 8691 574 861
5974 8961 574 861
6752 8651 672 861
4931 9862 431 862
1385 8864 135 864
1449 8694 144 864
1494 8964 144 864
1992 8964 192 864
2166 8664 216 864
2490 8964 240 864
2898 8694 288 864
2988 8964 288 864
3878 8864 378 864
3984 8964 384 864
4932 9864 432 864
4980 8964 480 864
5796 8694 576 864
5976 8964 576 864
6972 8964 672 864
7968 8964 768 864
1739 8695 173 865
1793 8965 173 865
1973 9865 173 865
3466 8665 346 865
3946 9865 346 865
5919 9865 519 865
4933 9866 433 866
2899 8697 289 867
2989 8967 289 867
4088 8687 408 867
5798 8697 578 867
5978 8967 578 867
1112 8618 112 868
1234 8638 124 868
2167 8668 217 868
3614 8618 364 868
4349 8698 434 868
4934 9868 434 868
4936 8638 496 868
6116 8618 616 868
1558 8569 158 869
1578 8679 158 869
1776 8769 176 869
2775 8769 275 869
3774 8769 374 869
4773 8769 473 869
5772 8769 572 869
6771 8769 671 869
7770 8769 770 869
1196 8970 116 870
1495 8970 145 870
1794 8970 174 870
1974 9870 174 870
2093 8970 203 870
2392 8970 232 870
2691 8970 261 870
2961 9870 261 870
2990 8970 290 870
3348 8370 348 870
3468 8670 348 870
3948 9870 348 870
4395 8790 435 870
4935 9870 435 870
5922 9870 522 870
5980 8970 580 870
6069 8670 609 870
6909 9870 609 870
2668 8671 268 871
4669 8671 469 871
6670 8671 670 871
1099 8792 109 872
2183 8732 218 872
2168 8672 218 872
2198 8792 218 872
3297 8792 327 872
4396 8792 436 872
4936 9872 436 872
5495 8792 545 872
6594 8792 654 872
7693 8792 763 872
1994 8973 194 873
2991 8973 291 873
3988 8973 388 873
4985 8973 485 873
5982 8973 582 873
6979 8973 679 873
7976 8973 776 873
2453 8474 253 874
4397 8794 437 874
4937 9874 437 874
4460 8474 460 874
6467 8474 667 874
1139 8375 119 875
1340 8375 140 875
1759 8795 175 875
1795 8975 175 875
1975 9875 175 875
2008 8785 200 875
2345 8375 245 875
2457 8775 245 875
2485 8875 245 875
3350 8375 350 875
3506 8765 350 875
3590 8975 350 875
3950 9875 350 875
4355 8375 455 875
5925 9875 525 875
5360 8375 560 875
5680 8875 560 875
6365 8375 665 875
7900 9875 700 875
7370 8375 770 875
1120 8176 120 876
1496 8976 146 876
2169 8676 219 876
2199 8796 219 876
2128 8176 228 876
2992 8976 292 876
3136 8176 336 876
4398 8796 438 876
4938 9876 438 876
4144 8176 444 876
5152 8176 552 876
5984 8976 584 876
6597 8796 657 876
6160 8176 660 876
7168 8176 768 876
4399 8798 439 878
4939 9878 439 878
2993 8979 293 879
5986 8979 586 879
1560 8580 160 880
1796 8980 176 880
1976 9880 176 880
1887 8880 187 880
2694 8980 264 880
2964 9880 264 880
2886 8880 286 880
3532 8830 352 880
3352 8380 352 880
3592 8980 352 880
3952 9880 352 880
3885 8880 385 880
4490 8980 440 880
4940 9880 440 880
4884 8880 484 880
5928 9880 528 880
5883 8880 583 880
6916 9880 616 880
6882 8880 682 880
7904 9880 704 880
7881 8880 781 880
1266 8862 126 882
1497 8982 147 882
1996 8982 196 882
2495 8982 245 882
2994 8982 294 882
3165 8862 315 882
3493 8982 343 882
3992 8982 392 882
4491 8982 441 882
4941 9882 441 882
4990 8982 490 882
5064 8862 504 882
5988 8982 588 882
6986 8982 686 882
6963 8862 693 882
7984 8982 784 882
1169 8684 119 884
1670 8684 170 884
1827 8874 182 884
2216 8864 221 884
2712 8814 272 884
2672 8684 272 884
3674 8684 374 884
4176 8874 416 884
4492 8984 442 884
4942 9884 442 884
4676 8684 476 884
5678 8684 578 884
6680 8684 680 884
7682 8684 782 884
1198 8985 118 885
1779 8895 177 885
1797 8985 177 885
1977 9885 177 885
2396 8985 236 885
2995 8985 295 885
3534 8835 354 885
3354 8385 354 885
3546 8865 354 885
3594 8985 354 885
3954 9885 354 885
4193 8985 413 885
4792 8985 472 885
5391 8985 531 885
5931 9885 531 885
5990 8985 590 885
7908 9885 708 885
4493 8986 443 886
4943 9886 443 886
1232 8288 132 888
1498 8988 148 888
2240 8288 240 888
2996 8988 296 888
3248 8288 348 888
4449 8898 444 888
4494 8988 444 888
4944 9888 444 888
4256 8288 456 888
5264 8288 564 888
5992 8988 592 888
6272 8288 672 888
7490 8988 740 888
7280 8288 780 888
1267 8869 127 889
5068 8869 508 889
1798 8990 178 890
1978 9890 178 890
2697 8990 267 890
2967 9890 267 890
3356 8390 356 890
3596 8990 356 890
3956 9890 356 890
4495 8990 445 890
4945 9890 445 890
5394 8990 534 890
5934 9890 534 890
6293 8990 623 890
6923 9890 623 890
7192 8990 712 890
7912 9890 712 890
8091 8990 801 890
8901 9890 801 890
1622 8921 162 891
1562 8591 162 891
1998 8991 198 891
2997 8991 297 891
3996 8991 396 891
4995 8991 495 891
5994 8991 594 891
6993 8991 693 891
7992 8991 792 891
2233 8932 223 892
4496 8992 446 892
4946 9892 446 892
4470 8493 470 893
1499 8994 149 894
2998 8994 298 894
4497 8994 447 894
4947 9894 447 894
5996 8994 596 894
7495 8994 745 894
1799 8995 179 895
1979 9895 179 895
3358 8395 358 895
3586 8965 358 895
3598 8995 358 895
3958 9895 358 895
5397 8995 537 895
5937 9895 537 895
7196 8995 716 895
7916 9895 716 895
2234 8936 224 896
2249 8996 224 896
3927 8976 392 896
3892 8896 392 896
4498 8996 448 896
4948 9896 448 896
1945 8947 195 897
2756 8957 276 897
2676 8697 276 897
2999 8997 299 897
4683 8697 483 897
5446 8947 546 897
5998 8997 598 897
6690 8697 690 897
4499 8998 449 898
4949 9898 449 898
1156 8959 116 899
3757 8959 377 899
6358 8959 638 899
1980 9900 180 900
2325 9300 225 900
2265 9060 225 900
2970 9900 270 900
3960 9900 360 900
4950 9900 450 900
4895 8900 495 900
5940 9900 540 900
6930 9900 630 900
7920 9900 720 900
8910 9900 810 900
1066 9061 106 901
2665 9061 265 901
4424 9401 424 901
4264 9061 424 901
5863 9061 583 901
7462 9061 742 901
1110 9102 110 902
1644 9042 164 902
1764 9702 164 902
2109 9102 209 902
3108 9102 308 902
4107 9102 407 902
4951 9902 451 902
5106 9102 506 902
5343 9042 533 902
5733 9702 533 902
6105 9102 605 902
7104 9102 704 902
8103 9102 803 902
1329 9303 129 903
1299 9093 129 903
1547 9503 147 903
1477 9073 147 903
2598 9093 258 903
3536 9503 336 903
3376 9073 336 903
3897 9093 387 903
5316 9303 516 903
5196 9093 516 903
5525 9503 525 903
5275 9073 525 903
6495 9093 645 903
7514 9503 714 903
7174 9073 714 903
7794 9093 774 903
2326 9304 226 904
2266 9064 226 904
4952 9904 452 904
5665 9064 565 904
1819 9095 181 905
1981 9905 181 905
3626 9065 362 905
3962 9905 362 905
5943 9905 543 905
7924 9905 724 905
4953 9906 453 906
2327 9308 227 908
2267 9068 227 908
4549 9098 454 908
4954 9908 454 908
1330 9310 130 910
1982 9910 182 910
2973 9910 273 910
3325 9310 325 910
3275 9170 325 910
3664 9160 364 910
3964 9910 364 910
4595 9190 455 910
4955 9910 455 910
5320 9310 520 910
5946 9910 546 910
6937 9910 637 910
7315 9310 715 910
7928 9910 728 910
8919 9910 819 910
1149 9192 114 912
2283 9132 228 912
2328 9312 228 912
2298 9192 228 912
3899 8912 399 912
4596 9192 456 912
4956 9912 456 912
6894 9192 684 912
1221 9213 121 913
1666 9163 166 913
1766 9713 166 913
2220 9213 220 913
3219 9213 319 913
4165 9163 415 913
4218 9213 418 913
5217 9213 517 913
6216 9213 616 913
6664 9163 664 913
7215 9213 715 913
8214 9213 814 913
4597 9194 457 914
4957 9914 457 914
1839 9195 183 915
1983 9915 183 915
3666 9165 366 915
3966 9915 366 915
5949 9915 549 915
7932 9915 732 915
2329 9316 229 916
2299 9196 229 916
4598 9196 458 916
4958 9916 458 916
6897 9196 687 916
1331 9317 131 917
5324 9317 524 917
4432 9418 432 918
4599 9198 459 918
4959 9918 459 918
1631 9320 161 920
1984 9920 184 920
2330 9320 230 920
2976 9920 276 920
2899 8920 299 920
3968 9920 368 920
4960 9920 460 920
5016 9120 506 920
5952 9920 552 920
6944 9920 644 920
7936 9920 736 920
8928 9920 828 920
3097 9291 307 921
6194 9291 614 921
4961 9922 461 922
2844 9243 284 923
1332 9324 132 924
1549 9294 154 924
1768 9724 168 924
1688 9284 168 924
2331 9324 231 924
2316 9264 231 924
3098 9294 308 924
3330 9324 330 924
3305 9254 330 924
3757 9724 357 924
3587 9284 357 924
4329 9324 429 924
4962 9924 462 924
5328 9324 528 924
5746 9724 546 924
5486 9284 546 924
6196 9294 616 924
6327 9324 627 924
7326 9324 726 924
7735 9724 735 924
7385 9284 735 924
8325 9324 825 924
1191 9925 111 925
1859 9295 185 925
1985 9925 185 925
2597 9275 259 925
3730 9325 370 925
3706 9265 370 925
3970 9925 370 925
5955 9925 555 925
7940 9925 740 925
4963 9926 463 926
3099 9297 309 927
6198 9297 618 927
1162 9628 112 928
1445 9248 145 928
1660 9628 160 928
2332 9328 232 928
2656 9628 256 928
3652 9628 352 928
4046 9248 406 928
4648 9628 448 928
4649 9298 464 928
4964 9928 464 928
5644 9628 544 928
5830 9328 580 928
6640 9628 640 928
6647 9248 667 928
7636 9628 736 928
8632 9628 832 928
1986 9930 186 930
2979 9930 279 930
3732 9330 372 930
3972 9930 372 930
4695 9390 465 930
4965 9930 465 930
5958 9930 558 930
6531 9330 651 930
6951 9930 651 930
7944 9930 744 930
8937 9930 837 930
1333 9331 133 931
5332 9331 532 931
2333 9332 233 932
4696 9392 466 932
4966 9932 466 932
4697 9394 467 934
4967 9934 467 934
1443 9435 143 935
1770 9735 170 935
1879 9395 187 935
1987 9935 187 935
2442 9435 242 935
3441 9435 341 935
3734 9335 374 935
3746 9365 374 935
3974 9935 374 935
4440 9435 440 935
5439 9435 539 935
5961 9935 561 935
6438 9435 638 935
7437 9435 737 935
7948 9935 748 935
8436 9435 836 935
2334 9336 234 936
2349 9396 234 936
2888 9386 288 936
4698 9396 468 936
4968 9936 468 936
5835 9336 585 936
1334 9338 134 938
3335 9338 335 938
4699 9398 469 938
4969 9938 469 938
5336 9338 536 938
7337 9338 737 938
1491 9940 141 940
1898 9490 188 940
1988 9940 188 940
2335 9340 235 940
2365 9460 235 940
2982 9940 282 940
3736 9340 376 940
3796 9490 376 940
3976 9940 376 940
4970 9940 470 940
5137 9340 517 940
5694 9490 564 940
5964 9940 564 940
6538 9340 658 940
6958 9940 658 940
7592 9490 752 940
7952 9940 752 940
7939 9340 799 940
8946 9940 846 940
4971 9942 471 942
1115 9143 115 943
2055 9453 205 943
3122 9143 322 943
5129 9143 529 943
5754 9453 574 943
7136 9143 736 943
2336 9344 236 944
2366 9464 236 944
4123 9424 413 944
4972 9944 472 944
1335 9345 135 945
1899 9495 189 945
1989 9945 189 945
2136 9345 216 945
2168 9485 216 945
2937 9345 297 945
3738 9345 378 945
3786 9465 378 945
3798 9495 378 945
3978 9945 378 945
4539 9345 459 945
5340 9345 540 945
5697 9495 567 945
5967 9945 567 945
7596 9495 756 945
7956 9945 756 945
1554 9546 154 946
1712 9416 172 946
1772 9746 172 946
2553 9546 253 946
3552 9546 352 946
4551 9546 451 946
4973 9946 473 946
5550 9546 550 946
5759 9746 559 946
6549 9546 649 946
7548 9546 748 946
8547 9546 847 946
2337 9348 237 948
2367 9468 237 948
4749 9498 474 948
4974 9948 474 948
1194 9950 114 950
1393 9950 133 950
1592 9950 152 950
1791 9950 171 950
1990 9950 190 950
2646 9450 266 950
2985 9950 285 950
3860 9650 380 950
3980 9950 380 950
4347 9450 437 950
4795 9590 475 950
4975 9950 475 950
5970 9950 570 950
6048 9450 608 950
6965 9950 665 950
7960 9950 760 950
7749 9450 779 950
8955 9950 855 950
3197 9591 317 951
6394 9591 634 951
1199 9592 119 952
1336 9352 136 952
1366 9562 136 952
1837 9352 187 952
1946 9452 196 952
2383 9532 238 952
2338 9352 238 952
2398 9592 238 952
2839 9352 289 952
3340 9352 340 952
3597 9592 357 952
4342 9352 442 952
4448 9452 448 952
4796 9592 476 952
4976 9952 476 952
5344 9352 544 952
5464 9562 544 952
5995 9592 595 952
6346 9352 646 952
7194 9592 714 952
7348 9352 748 952
8393 9592 833 952
8350 9352 850 952
1599 9594 159 954
3198 9594 318 954
4797 9594 477 954
4977 9954 477 954
6396 9594 636 954
7995 9594 795 954
1991 9955 191 955
3826 9565 382 955
3862 9655 382 955
3982 9955 382 955
5973 9955 573 955
7964 9955 764 955
2339 9356 239 956
2399 9596 239 956
4798 9596 478 956
4978 9956 478 956
7197 9596 717 956
1665 9657 165 957
1734 9537 174 957
1774 9757 174 957
2664 9657 264 957
3199 9597 319 957
3663 9657 363 957
4335 9537 435 957
4662 9657 462 957
5661 9657 561 957
6398 9597 638 957
6660 9657 660 957
6936 9537 696 957
7659 9657 759 957
8658 9657 858 957
4799 9598 479 958
4979 9958 479 958
1337 9359 137 959
1367 9569 137 959
5348 9359 548 959
5468 9569 548 959
1494 9960 144 960
1638 9360 168 960
1992 9960 192 960
2074 9760 204 960
2340 9360 240 960
2490 9960 240 960
2988 9960 288 960
3172 9760 312 960
3864 9660 384 960
3984 9960 384 960
4270 9760 420 960
4980 9960 480 960
5258 9560 528 960
5976 9960 576 960
6762 9660 672 960
6972 9960 672 960
7968 9960 768 960
8964 9960 864 960
1244 9641 124 961
4043 9641 403 961
6842 9641 682 961
2976 9672 296 962
4981 9962 481 962
2341 9364 241 964
2416 9664 241 964
2491 9964 241 964
4982 9964 482 964
1993 9965 193 965
3866 9665 386 965
3986 9965 386 965
5979 9965 579 965
7972 9965 772 965
1338 9366 138 966
3345 9366 345 966
3445 9646 345 966
4983 9966 483 966
5352 9366 552 966
7359 9366 759 966
1756 9658 176 968
1776 9768 176 968
2342 9368 242 968
2492 9968 242 968
2775 9768 275 968
3774 9768 374 968
4773 9768 473 968
4849 9698 484 968
4984 9968 484 968
5772 9768 572 968
6771 9768 671 968
7770 9768 770 968
8769 9768 869 968
1134 9639 114 969
2835 9639 285 969
4536 9639 456 969
4456 9469 456 969
6237 9639 627 969
7938 9639 798 969
1994 9970 194 970
2991 9970 291 970
3868 9670 388 970
3988 9970 388 970
4895 9790 485 970
4985 9970 485 970
5982 9970 582 970
6769 9670 679 970
6979 9970 679 970
7976 9970 776 970
8973 9970 873 970
2433 9732 243 972
2343 9372 243 972
2493 9972 243 972
4896 9792 486 972
4986 9972 486 972
1339 9373 139 973
1399 9793 139 973
2798 9793 278 973
4197 9793 417 973
5356 9373 556 973
5596 9793 556 973
6995 9793 695 973
8394 9793 834 973
4897 9794 487 974
4987 9974 487 974
1197 9975 117 975
1596 9975 156 975
1995 9975 195 975
2394 9975 234 975
2723 9725 273 975
2737 9775 273 975
2793 9975 273 975
3192 9975 312 975
3591 9975 351 975
3990 9975 390 975
5985 9975 585 975
6224 9725 624 975
7980 9975 780 975
2434 9736 244 976
2344 9376 244 976
2449 9796 244 976
2494 9976 244 976
4277 9776 427 976
4898 9796 488 976
4988 9976 488 976
4899 9798 489 978
4989 9978 489 978
1778 9779 178 979
1887 9879 187 979
2886 9879 286 979
3885 9879 385 979
4884 9879 484 979
5883 9879 583 979
6882 9879 682 979
7881 9879 781 979
8880 9879 880 979
1139 9380 119 980
1340 9380 140 980
1497 9980 147 980
1996 9980 196 980
2345 9380 245 980
2465 9860 245 980
2495 9980 245 980
2994 9980 294 980
3493 9980 343 980
3350 9380 350 980
3992 9980 392 980
4491 9980 441 980
4355 9380 455 980
4990 9980 490 980
5379 9780 539 980
5360 9380 560 980
5988 9980 588 980
6365 9380 665 980
6986 9980 686 980
7370 9380 770 980
7984 9980 784 980
8375 9380 875 980
8982 9980 882 980
1099 9891 109 981
2198 9891 218 981
3297 9891 327 981
4396 9891 436 981
5495 9891 545 981
6594 9891 654 981
7693 9891 763 981
8792 9891 872 981
4991 9982 491 982
1120 9184 120 984
1649 9894 164 984
2128 9184 228 984
2346 9384 246 984
2466 9864 246 984
2496 9984 246 984
3298 9894 328 984
3136 9184 336 984
4144 9184 444 984
4992 9984 492 984
5152 9184 552 984
6165 9864 615 984
6596 9894 656 984
6160 9184 660 984
7168 9184 768 984
8176 9184 876 984
1997 9985 197 985
3994 9985 394 985
5991 9985 591 985
7988 9985 788 985
1169 9686 119 986
1670 9686 170 986
2023 9826 203 986
2672 9686 272 986
3674 9686 374 986
4624 9826 464 986
4464 9486 464 986
4676 9686 476 986
4993 9986 493 986
5678 9686 578 986
6680 9686 680 986
7225 9826 725 986
7682 9686 782 986
8684 9686 884 986
1341 9387 141 987
3299 9897 329 987
5364 9387 564 987
6598 9897 658 987
1323 9828 133 988
2347 9388 247 988
2467 9868 247 988
2497 9988 247 988
3024 9828 304 988
4725 9828 475 988
4994 9988 494 988
6426 9828 646 988
7491 9988 741 988
8127 9828 817 988
1561 9589 161 989
3568 9589 368 989
5575 9589 575 989
7582 9589 782 989
1780 9790 180 990
1998 9990 198 990
2997 9990 297 990
3996 9990 396 990
4995 9990 495 990
5785 9790 585 990
5994 9990 594 990
6993 9990 693 990
7992 9990 792 990
8991 9990 891 990
1249 9992 124 992
1288 9982 128 992
1555 9952 155 992
2483 9932 248 992
2348 9392 248 992
2498 9992 248 992
4186 9982 416 992
4354 9952 434 992
4996 9992 496 992
7084 9982 704 992
7153 9952 713 992
7494 9992 744 992
1342 9394 142 994
3355 9394 355 994
3555 9954 355 994
4997 9994 497 994
5368 9394 568 994
7381 9394 781 994
1999 9995 199 995
3998 9995 398 995
5997 9995 597 995
7996 9995 796 995
1232 9296 132 996
2240 9296 240 996
2499 9996 249 996
3248 9296 348 996
4256 9296 456 996
4998 9996 498 996
5264 9296 564 996
6272 9296 672 996
7497 9996 747 996
7280 9296 780 996
8288 9296 888 996
4999 9998 499 998
